8.499999999999998668e-01 0.000000000000000000e+00
8.506006006006004982e-01 0.000000000000000000e+00
8.512012012012010187e-01 0.000000000000000000e+00
8.518018018018016502e-01 0.000000000000000000e+00
8.524024024024022816e-01 0.000000000000000000e+00
8.530030030030029131e-01 0.000000000000000000e+00
8.536036036036034336e-01 0.000000000000000000e+00
8.542042042042040650e-01 0.000000000000000000e+00
8.548048048048046965e-01 0.000000000000000000e+00
8.554054054054052170e-01 0.000000000000000000e+00
8.560060060060058484e-01 0.000000000000000000e+00
8.566066066066064799e-01 0.000000000000000000e+00
8.572072072072071114e-01 0.000000000000000000e+00
8.578078078078076318e-01 0.000000000000000000e+00
8.584084084084082633e-01 0.000000000000000000e+00
8.590090090090088948e-01 0.000000000000000000e+00
8.596096096096095263e-01 0.000000000000000000e+00
8.602102102102100467e-01 0.000000000000000000e+00
8.608108108108106782e-01 0.000000000000000000e+00
8.614114114114113097e-01 0.000000000000000000e+00
8.620120120120118301e-01 0.000000000000000000e+00
8.626126126126124616e-01 0.000000000000000000e+00
8.632132132132130931e-01 0.000000000000000000e+00
8.638138138138137245e-01 0.000000000000000000e+00
8.644144144144142450e-01 0.000000000000000000e+00
8.650150150150148765e-01 0.000000000000000000e+00
8.656156156156155079e-01 0.000000000000000000e+00
8.662162162162161394e-01 0.000000000000000000e+00
8.668168168168166599e-01 0.000000000000000000e+00
8.674174174174172913e-01 0.000000000000000000e+00
8.680180180180179228e-01 0.000000000000000000e+00
8.686186186186184433e-01 0.000000000000000000e+00
8.692192192192190747e-01 0.000000000000000000e+00
8.698198198198197062e-01 0.000000000000000000e+00
8.704204204204203377e-01 0.000000000000000000e+00
8.710210210210208581e-01 0.000000000000000000e+00
8.716216216216214896e-01 0.000000000000000000e+00
8.722222222222221211e-01 0.000000000000000000e+00
8.728228228228226415e-01 0.000000000000000000e+00
8.734234234234232730e-01 0.000000000000000000e+00
8.740240240240239045e-01 0.000000000000000000e+00
8.746246246246245359e-01 0.000000000000000000e+00
8.752252252252250564e-01 0.000000000000000000e+00
8.758258258258256879e-01 0.000000000000000000e+00
8.764264264264263193e-01 0.000000000000000000e+00
8.770270270270269508e-01 0.000000000000000000e+00
8.776276276276274713e-01 0.000000000000000000e+00
8.782282282282281027e-01 0.000000000000000000e+00
8.788288288288287342e-01 0.000000000000000000e+00
8.794294294294292547e-01 0.000000000000000000e+00
8.800300300300298861e-01 0.000000000000000000e+00
8.806306306306305176e-01 0.000000000000000000e+00
8.812312312312311491e-01 0.000000000000000000e+00
8.818318318318316695e-01 0.000000000000000000e+00
8.824324324324323010e-01 0.000000000000000000e+00
8.830330330330329325e-01 0.000000000000000000e+00
8.836336336336334529e-01 0.000000000000000000e+00
8.842342342342340844e-01 0.000000000000000000e+00
8.848348348348347159e-01 0.000000000000000000e+00
8.854354354354353474e-01 0.000000000000000000e+00
8.860360360360358678e-01 0.000000000000000000e+00
8.866366366366364993e-01 0.000000000000000000e+00
8.872372372372371307e-01 0.000000000000000000e+00
8.878378378378377622e-01 0.000000000000000000e+00
8.884384384384382827e-01 0.000000000000000000e+00
8.890390390390389141e-01 0.000000000000000000e+00
8.896396396396395456e-01 0.000000000000000000e+00
8.902402402402400661e-01 0.000000000000000000e+00
8.908408408408406975e-01 0.000000000000000000e+00
8.914414414414413290e-01 0.000000000000000000e+00
8.920420420420419605e-01 0.000000000000000000e+00
8.926426426426424809e-01 0.000000000000000000e+00
8.932432432432431124e-01 0.000000000000000000e+00
8.938438438438437439e-01 0.000000000000000000e+00
8.944444444444443754e-01 0.000000000000000000e+00
8.950450450450448958e-01 0.000000000000000000e+00
8.956456456456455273e-01 0.000000000000000000e+00
8.962462462462461588e-01 0.000000000000000000e+00
8.968468468468466792e-01 0.000000000000000000e+00
8.974474474474473107e-01 0.000000000000000000e+00
8.980480480480479422e-01 0.000000000000000000e+00
8.986486486486485736e-01 0.000000000000000000e+00
8.992492492492490941e-01 0.000000000000000000e+00
8.998498498498497256e-01 0.000000000000000000e+00
9.004504504504503570e-01 0.000000000000000000e+00
9.010510510510508775e-01 0.000000000000000000e+00
9.016516516516515090e-01 0.000000000000000000e+00
9.022522522522521404e-01 0.000000000000000000e+00
9.028528528528527719e-01 0.000000000000000000e+00
9.034534534534532924e-01 0.000000000000000000e+00
9.040540540540539238e-01 0.000000000000000000e+00
9.046546546546545553e-01 0.000000000000000000e+00
9.052552552552550758e-01 0.000000000000000000e+00
9.058558558558557072e-01 0.000000000000000000e+00
9.064564564564563387e-01 0.000000000000000000e+00
9.070570570570569702e-01 0.000000000000000000e+00
9.076576576576574906e-01 0.000000000000000000e+00
9.082582582582581221e-01 0.000000000000000000e+00
9.088588588588587536e-01 0.000000000000000000e+00
9.094594594594593850e-01 0.000000000000000000e+00
9.100600600600599055e-01 0.000000000000000000e+00
9.106606606606605370e-01 0.000000000000000000e+00
9.112612612612611684e-01 0.000000000000000000e+00
9.118618618618616889e-01 0.000000000000000000e+00
9.124624624624623204e-01 0.000000000000000000e+00
9.130630630630629518e-01 0.000000000000000000e+00
9.136636636636635833e-01 0.000000000000000000e+00
9.142642642642641038e-01 0.000000000000000000e+00
9.148648648648647352e-01 0.000000000000000000e+00
9.154654654654653667e-01 0.000000000000000000e+00
9.160660660660659982e-01 0.000000000000000000e+00
9.166666666666665186e-01 0.000000000000000000e+00
9.172672672672671501e-01 0.000000000000000000e+00
9.178678678678677816e-01 0.000000000000000000e+00
9.184684684684683020e-01 0.000000000000000000e+00
9.190690690690689335e-01 0.000000000000000000e+00
9.196696696696695650e-01 0.000000000000000000e+00
9.202702702702700854e-01 0.000000000000000000e+00
9.208708708708707169e-01 0.000000000000000000e+00
9.214714714714713484e-01 0.000000000000000000e+00
9.220720720720719799e-01 0.000000000000000000e+00
9.226726726726726113e-01 0.000000000000000000e+00
9.232732732732731318e-01 0.000000000000000000e+00
9.238738738738737633e-01 0.000000000000000000e+00
9.244744744744743947e-01 0.000000000000000000e+00
9.250750750750749152e-01 0.000000000000000000e+00
9.256756756756755466e-01 0.000000000000000000e+00
9.262762762762761781e-01 0.000000000000000000e+00
9.268768768768766986e-01 0.000000000000000000e+00
9.274774774774773300e-01 0.000000000000000000e+00
9.280780780780779615e-01 0.000000000000000000e+00
9.286786786786785930e-01 0.000000000000000000e+00
9.292792792792791134e-01 0.000000000000000000e+00
9.298798798798797449e-01 0.000000000000000000e+00
9.304804804804803764e-01 0.000000000000000000e+00
9.310810810810810079e-01 0.000000000000000000e+00
9.316816816816815283e-01 0.000000000000000000e+00
9.322822822822821598e-01 0.000000000000000000e+00
9.328828828828827913e-01 0.000000000000000000e+00
9.334834834834833117e-01 0.000000000000000000e+00
9.340840840840839432e-01 0.000000000000000000e+00
9.346846846846845747e-01 0.000000000000000000e+00
9.352852852852852061e-01 0.000000000000000000e+00
9.358858858858857266e-01 0.000000000000000000e+00
9.364864864864863581e-01 0.000000000000000000e+00
9.370870870870869895e-01 0.000000000000000000e+00
9.376876876876876210e-01 0.000000000000000000e+00
9.382882882882881415e-01 0.000000000000000000e+00
9.388888888888887729e-01 0.000000000000000000e+00
9.394894894894894044e-01 0.000000000000000000e+00
9.400900900900899249e-01 0.000000000000000000e+00
9.406906906906905563e-01 0.000000000000000000e+00
9.412912912912911878e-01 0.000000000000000000e+00
9.418918918918918193e-01 0.000000000000000000e+00
9.424924924924923397e-01 0.000000000000000000e+00
9.430930930930929712e-01 0.000000000000000000e+00
9.436936936936936027e-01 0.000000000000000000e+00
9.442942942942942341e-01 0.000000000000000000e+00
9.448948948948947546e-01 0.000000000000000000e+00
9.454954954954953861e-01 0.000000000000000000e+00
9.460960960960960175e-01 0.000000000000000000e+00
9.466966966966965380e-01 0.000000000000000000e+00
9.472972972972971695e-01 0.000000000000000000e+00
9.478978978978978009e-01 0.000000000000000000e+00
9.484984984984983214e-01 0.000000000000000000e+00
9.490990990990989529e-01 0.000000000000000000e+00
9.496996996996995843e-01 0.000000000000000000e+00
9.503003003003002158e-01 0.000000000000000000e+00
9.509009009009007363e-01 0.000000000000000000e+00
9.515015015015013677e-01 0.000000000000000000e+00
9.521021021021019992e-01 0.000000000000000000e+00
9.527027027027026307e-01 0.000000000000000000e+00
9.533033033033031511e-01 0.000000000000000000e+00
9.539039039039037826e-01 0.000000000000000000e+00
9.545045045045044141e-01 0.000000000000000000e+00
9.551051051051049345e-01 0.000000000000000000e+00
9.557057057057055660e-01 0.000000000000000000e+00
9.563063063063061975e-01 0.000000000000000000e+00
9.569069069069068290e-01 0.000000000000000000e+00
9.575075075075073494e-01 0.000000000000000000e+00
9.581081081081079809e-01 0.000000000000000000e+00
9.587087087087086124e-01 0.000000000000000000e+00
9.593093093093092438e-01 0.000000000000000000e+00
9.599099099099097643e-01 0.000000000000000000e+00
9.605105105105103958e-01 0.000000000000000000e+00
9.611111111111110272e-01 0.000000000000000000e+00
9.617117117117115477e-01 0.000000000000000000e+00
9.623123123123121792e-01 0.000000000000000000e+00
9.629129129129128106e-01 0.000000000000000000e+00
9.635135135135134421e-01 0.000000000000000000e+00
9.641141141141139626e-01 0.000000000000000000e+00
9.647147147147145940e-01 0.000000000000000000e+00
9.653153153153152255e-01 0.000000000000000000e+00
9.659159159159158570e-01 0.000000000000000000e+00
9.665165165165163774e-01 0.000000000000000000e+00
9.671171171171170089e-01 0.000000000000000000e+00
9.677177177177176404e-01 0.000000000000000000e+00
9.683183183183181608e-01 0.000000000000000000e+00
9.689189189189187923e-01 0.000000000000000000e+00
9.695195195195194238e-01 0.000000000000000000e+00
9.701201201201199442e-01 0.000000000000000000e+00
9.707207207207205757e-01 0.000000000000000000e+00
9.713213213213212072e-01 0.000000000000000000e+00
9.719219219219218386e-01 0.000000000000000000e+00
9.725225225225223591e-01 0.000000000000000000e+00
9.731231231231229906e-01 0.000000000000000000e+00
9.737237237237236220e-01 0.000000000000000000e+00
9.743243243243242535e-01 0.000000000000000000e+00
9.749249249249247740e-01 0.000000000000000000e+00
9.755255255255254054e-01 0.000000000000000000e+00
9.761261261261260369e-01 0.000000000000000000e+00
9.767267267267265574e-01 0.000000000000000000e+00
9.773273273273271888e-01 0.000000000000000000e+00
9.779279279279278203e-01 0.000000000000000000e+00
9.785285285285284518e-01 0.000000000000000000e+00
9.791291291291289722e-01 0.000000000000000000e+00
9.797297297297296037e-01 0.000000000000000000e+00
9.803303303303302352e-01 0.000000000000000000e+00
9.809309309309308667e-01 0.000000000000000000e+00
9.815315315315313871e-01 0.000000000000000000e+00
9.821321321321320186e-01 0.000000000000000000e+00
9.827327327327326500e-01 0.000000000000000000e+00
9.833333333333331705e-01 0.000000000000000000e+00
9.839339339339338020e-01 0.000000000000000000e+00
9.845345345345344334e-01 0.000000000000000000e+00
9.851351351351349539e-01 0.000000000000000000e+00
9.857357357357355854e-01 0.000000000000000000e+00
9.863363363363362168e-01 0.000000000000000000e+00
9.869369369369368483e-01 0.000000000000000000e+00
9.875375375375374798e-01 0.000000000000000000e+00
9.881381381381380002e-01 0.000000000000000000e+00
9.887387387387386317e-01 0.000000000000000000e+00
9.893393393393392632e-01 0.000000000000000000e+00
9.899399399399397836e-01 0.000000000000000000e+00
9.905405405405404151e-01 0.000000000000000000e+00
9.911411411411410466e-01 0.000000000000000000e+00
9.917417417417415670e-01 0.000000000000000000e+00
9.923423423423421985e-01 0.000000000000000000e+00
9.929429429429428300e-01 0.000000000000000000e+00
9.935435435435434615e-01 0.000000000000000000e+00
9.941441441441440929e-01 0.000000000000000000e+00
9.947447447447446134e-01 0.000000000000000000e+00
9.953453453453452449e-01 0.000000000000000000e+00
9.959459459459458763e-01 0.000000000000000000e+00
9.965465465465463968e-01 0.000000000000000000e+00
9.971471471471470283e-01 0.000000000000000000e+00
9.977477477477476597e-01 0.000000000000000000e+00
9.983483483483481802e-01 0.000000000000000000e+00
9.989489489489488117e-01 0.000000000000000000e+00
9.995495495495494431e-01 0.000000000000000000e+00
1.000150150150149964e+00 1.000000000000000000e+00
1.000750750750750706e+00 1.000000000000000000e+00
1.001351351351351227e+00 1.000000000000000000e+00
1.001951951951951747e+00 1.000000000000000000e+00
1.002552552552552489e+00 1.000000000000000000e+00
1.003153153153153010e+00 1.000000000000000000e+00
1.003753753753753752e+00 1.000000000000000000e+00
1.004354354354354273e+00 1.000000000000000000e+00
1.004954954954954793e+00 1.000000000000000000e+00
1.005555555555555536e+00 1.000000000000000000e+00
1.006156156156156056e+00 1.000000000000000000e+00
1.006756756756756577e+00 1.000000000000000000e+00
1.007357357357357319e+00 1.000000000000000000e+00
1.007957957957957840e+00 1.000000000000000000e+00
1.008558558558558360e+00 1.000000000000000000e+00
1.009159159159159103e+00 1.000000000000000000e+00
1.009759759759759623e+00 1.000000000000000000e+00
1.010360360360360144e+00 1.000000000000000000e+00
1.010960960960960886e+00 1.000000000000000000e+00
1.011561561561561406e+00 1.000000000000000000e+00
1.012162162162161927e+00 1.000000000000000000e+00
1.012762762762762669e+00 1.000000000000000000e+00
1.013363363363363190e+00 1.000000000000000000e+00
1.013963963963963932e+00 1.000000000000000000e+00
1.014564564564564453e+00 1.000000000000000000e+00
1.015165165165164973e+00 1.000000000000000000e+00
1.015765765765765716e+00 1.000000000000000000e+00
1.016366366366366236e+00 1.000000000000000000e+00
1.016966966966966979e+00 1.000000000000000000e+00
1.017567567567567499e+00 1.000000000000000000e+00
1.018168168168168020e+00 1.000000000000000000e+00
1.018768768768768762e+00 1.000000000000000000e+00
1.019369369369369283e+00 1.000000000000000000e+00
1.019969969969969803e+00 1.000000000000000000e+00
1.020570570570570545e+00 1.000000000000000000e+00
1.021171171171171066e+00 1.000000000000000000e+00
1.021771771771771586e+00 1.000000000000000000e+00
1.022372372372372329e+00 1.000000000000000000e+00
1.022972972972972849e+00 1.000000000000000000e+00
1.023573573573573370e+00 1.000000000000000000e+00
1.024174174174174112e+00 1.000000000000000000e+00
1.024774774774774633e+00 1.000000000000000000e+00
1.025375375375375153e+00 1.000000000000000000e+00
1.025975975975975896e+00 1.000000000000000000e+00
1.026576576576576416e+00 1.000000000000000000e+00
1.027177177177177159e+00 1.000000000000000000e+00
1.027777777777777679e+00 1.000000000000000000e+00
1.028378378378378200e+00 1.000000000000000000e+00
1.028978978978978942e+00 1.000000000000000000e+00
1.029579579579579462e+00 1.000000000000000000e+00
1.030180180180179983e+00 1.000000000000000000e+00
1.030780780780780725e+00 1.000000000000000000e+00
1.031381381381381246e+00 1.000000000000000000e+00
1.031981981981981988e+00 1.000000000000000000e+00
1.032582582582582509e+00 1.000000000000000000e+00
1.033183183183183029e+00 1.000000000000000000e+00
1.033783783783783772e+00 1.000000000000000000e+00
1.034384384384384292e+00 1.000000000000000000e+00
1.034984984984984813e+00 1.000000000000000000e+00
1.035585585585585555e+00 1.000000000000000000e+00
1.036186186186186076e+00 1.000000000000000000e+00
1.036786786786786596e+00 1.000000000000000000e+00
1.037387387387387339e+00 1.000000000000000000e+00
1.037987987987987859e+00 1.000000000000000000e+00
1.038588588588588379e+00 1.000000000000000000e+00
1.039189189189189122e+00 1.000000000000000000e+00
1.039789789789789642e+00 1.000000000000000000e+00
1.040390390390390163e+00 1.000000000000000000e+00
1.040990990990990905e+00 1.000000000000000000e+00
1.041591591591591426e+00 1.000000000000000000e+00
1.042192192192192168e+00 1.000000000000000000e+00
1.042792792792792689e+00 1.000000000000000000e+00
1.043393393393393209e+00 1.000000000000000000e+00
1.043993993993993952e+00 1.000000000000000000e+00
1.044594594594594472e+00 1.000000000000000000e+00
1.045195195195194993e+00 1.000000000000000000e+00
1.045795795795795735e+00 1.000000000000000000e+00
1.046396396396396256e+00 1.000000000000000000e+00
1.046996996996996998e+00 1.000000000000000000e+00
1.047597597597597519e+00 1.000000000000000000e+00
1.048198198198198039e+00 1.000000000000000000e+00
1.048798798798798781e+00 1.000000000000000000e+00
1.049399399399399302e+00 1.000000000000000000e+00
1.049999999999999822e+00 1.000000000000000000e+00
1.050600600600600565e+00 1.000000000000000000e+00
1.051201201201201085e+00 1.000000000000000000e+00
1.051801801801801606e+00 1.000000000000000000e+00
1.052402402402402348e+00 1.000000000000000000e+00
1.053003003003002869e+00 1.000000000000000000e+00
1.053603603603603389e+00 1.000000000000000000e+00
1.054204204204204132e+00 1.000000000000000000e+00
1.054804804804804652e+00 1.000000000000000000e+00
1.055405405405405395e+00 1.000000000000000000e+00
1.056006006006005915e+00 1.000000000000000000e+00
1.056606606606606436e+00 1.000000000000000000e+00
1.057207207207207178e+00 1.000000000000000000e+00
1.057807807807807698e+00 1.000000000000000000e+00
1.058408408408408219e+00 1.000000000000000000e+00
1.059009009009008961e+00 1.000000000000000000e+00
1.059609609609609482e+00 1.000000000000000000e+00
1.060210210210210224e+00 1.000000000000000000e+00
1.060810810810810745e+00 1.000000000000000000e+00
1.061411411411411265e+00 1.000000000000000000e+00
1.062012012012012008e+00 1.000000000000000000e+00
1.062612612612612528e+00 1.000000000000000000e+00
1.063213213213213049e+00 1.000000000000000000e+00
1.063813813813813791e+00 1.000000000000000000e+00
1.064414414414414312e+00 1.000000000000000000e+00
1.065015015015014832e+00 1.000000000000000000e+00
1.065615615615615575e+00 1.000000000000000000e+00
1.066216216216216095e+00 1.000000000000000000e+00
1.066816816816816615e+00 1.000000000000000000e+00
1.067417417417417358e+00 1.000000000000000000e+00
1.068018018018017878e+00 1.000000000000000000e+00
1.068618618618618399e+00 1.000000000000000000e+00
1.069219219219219141e+00 1.000000000000000000e+00
1.069819819819819662e+00 1.000000000000000000e+00
1.070420420420420404e+00 1.000000000000000000e+00
1.071021021021020925e+00 1.000000000000000000e+00
1.071621621621621445e+00 1.000000000000000000e+00
1.072222222222222188e+00 1.000000000000000000e+00
1.072822822822822708e+00 1.000000000000000000e+00
1.073423423423423229e+00 1.000000000000000000e+00
1.074024024024023971e+00 1.000000000000000000e+00
1.074624624624624492e+00 1.000000000000000000e+00
1.075225225225225234e+00 1.000000000000000000e+00
1.075825825825825754e+00 1.000000000000000000e+00
1.076426426426426275e+00 1.000000000000000000e+00
1.077027027027027017e+00 1.000000000000000000e+00
1.077627627627627538e+00 1.000000000000000000e+00
1.078228228228228058e+00 1.000000000000000000e+00
1.078828828828828801e+00 1.000000000000000000e+00
1.079429429429429321e+00 1.000000000000000000e+00
1.080030030030029842e+00 1.000000000000000000e+00
1.080630630630630584e+00 1.000000000000000000e+00
1.081231231231231105e+00 1.000000000000000000e+00
1.081831831831831625e+00 1.000000000000000000e+00
1.082432432432432368e+00 1.000000000000000000e+00
1.083033033033032888e+00 1.000000000000000000e+00
1.083633633633633409e+00 1.000000000000000000e+00
1.084234234234234151e+00 1.000000000000000000e+00
1.084834834834834671e+00 1.000000000000000000e+00
1.085435435435435414e+00 1.000000000000000000e+00
1.086036036036035934e+00 1.000000000000000000e+00
1.086636636636636455e+00 1.000000000000000000e+00
1.087237237237237197e+00 1.000000000000000000e+00
1.087837837837837718e+00 1.000000000000000000e+00
1.088438438438438460e+00 1.000000000000000000e+00
1.089039039039038981e+00 1.000000000000000000e+00
1.089639639639639501e+00 1.000000000000000000e+00
1.090240240240240244e+00 1.000000000000000000e+00
1.090840840840840764e+00 1.000000000000000000e+00
1.091441441441441285e+00 1.000000000000000000e+00
1.092042042042042027e+00 1.000000000000000000e+00
1.092642642642642548e+00 1.000000000000000000e+00
1.093243243243243068e+00 1.000000000000000000e+00
1.093843843843843811e+00 1.000000000000000000e+00
1.094444444444444331e+00 1.000000000000000000e+00
1.095045045045044851e+00 1.000000000000000000e+00
1.095645645645645594e+00 1.000000000000000000e+00
1.096246246246246114e+00 1.000000000000000000e+00
1.096846846846846635e+00 1.000000000000000000e+00
1.097447447447447377e+00 1.000000000000000000e+00
1.098048048048047898e+00 1.000000000000000000e+00
1.098648648648648640e+00 1.000000000000000000e+00
1.099249249249249161e+00 1.000000000000000000e+00
1.099849849849849681e+00 1.000000000000000000e+00
1.100450450450450424e+00 1.000000000000000000e+00
1.101051051051050944e+00 1.000000000000000000e+00
1.101651651651651687e+00 1.000000000000000000e+00
1.102252252252252207e+00 1.000000000000000000e+00
1.102852852852852727e+00 1.000000000000000000e+00
1.103453453453453470e+00 1.000000000000000000e+00
1.104054054054053990e+00 1.000000000000000000e+00
1.104654654654654511e+00 1.000000000000000000e+00
1.105255255255255253e+00 1.000000000000000000e+00
1.105855855855855774e+00 1.000000000000000000e+00
1.106456456456456294e+00 1.000000000000000000e+00
1.107057057057057037e+00 1.000000000000000000e+00
1.107657657657657557e+00 1.000000000000000000e+00
1.108258258258258078e+00 1.000000000000000000e+00
1.108858858858858820e+00 1.000000000000000000e+00
1.109459459459459341e+00 1.000000000000000000e+00
1.110060060060059861e+00 1.000000000000000000e+00
1.110660660660660604e+00 1.000000000000000000e+00
1.111261261261261124e+00 1.000000000000000000e+00
1.111861861861861644e+00 1.000000000000000000e+00
1.112462462462462387e+00 1.000000000000000000e+00
1.113063063063062907e+00 1.000000000000000000e+00
1.113663663663663428e+00 1.000000000000000000e+00
1.114264264264264170e+00 1.000000000000000000e+00
1.114864864864864691e+00 1.000000000000000000e+00
1.115465465465465433e+00 1.000000000000000000e+00
1.116066066066065954e+00 1.000000000000000000e+00
1.116666666666666696e+00 1.000000000000000000e+00
1.117267267267267217e+00 1.000000000000000000e+00
1.117867867867867737e+00 1.000000000000000000e+00
1.118468468468468480e+00 1.000000000000000000e+00
1.119069069069069000e+00 1.000000000000000000e+00
1.119669669669669521e+00 1.000000000000000000e+00
1.120270270270270263e+00 1.000000000000000000e+00
1.120870870870870784e+00 1.000000000000000000e+00
1.121471471471471304e+00 1.000000000000000000e+00
1.122072072072072046e+00 1.000000000000000000e+00
1.122672672672672567e+00 1.000000000000000000e+00
1.123273273273273087e+00 1.000000000000000000e+00
1.123873873873873830e+00 1.000000000000000000e+00
1.124474474474474350e+00 1.000000000000000000e+00
1.125075075075074871e+00 1.000000000000000000e+00
1.125675675675675613e+00 1.000000000000000000e+00
1.126276276276276134e+00 1.000000000000000000e+00
1.126876876876876654e+00 1.000000000000000000e+00
1.127477477477477397e+00 1.000000000000000000e+00
1.128078078078077917e+00 1.000000000000000000e+00
1.128678678678678660e+00 1.000000000000000000e+00
1.129279279279279180e+00 1.000000000000000000e+00
1.129879879879879923e+00 1.000000000000000000e+00
1.130480480480480443e+00 1.000000000000000000e+00
1.131081081081080963e+00 1.000000000000000000e+00
1.131681681681681706e+00 1.000000000000000000e+00
1.132282282282282226e+00 1.000000000000000000e+00
1.132882882882882747e+00 1.000000000000000000e+00
1.133483483483483489e+00 1.000000000000000000e+00
1.134084084084084010e+00 1.000000000000000000e+00
1.134684684684684530e+00 1.000000000000000000e+00
1.135285285285285273e+00 1.000000000000000000e+00
1.135885885885885793e+00 1.000000000000000000e+00
1.136486486486486314e+00 1.000000000000000000e+00
1.137087087087087056e+00 1.000000000000000000e+00
1.137687687687687577e+00 1.000000000000000000e+00
1.138288288288288097e+00 1.000000000000000000e+00
1.138888888888888840e+00 1.000000000000000000e+00
1.139489489489489360e+00 1.000000000000000000e+00
1.140090090090089880e+00 1.000000000000000000e+00
1.140690690690690623e+00 1.000000000000000000e+00
1.141291291291291143e+00 1.000000000000000000e+00
1.141891891891891664e+00 1.000000000000000000e+00
1.142492492492492406e+00 1.000000000000000000e+00
1.143093093093092927e+00 1.000000000000000000e+00
1.143693693693693669e+00 1.000000000000000000e+00
1.144294294294294190e+00 1.000000000000000000e+00
1.144894894894894932e+00 1.000000000000000000e+00
1.145495495495495453e+00 1.000000000000000000e+00
1.146096096096095973e+00 1.000000000000000000e+00
1.146696696696696716e+00 1.000000000000000000e+00
1.147297297297297236e+00 1.000000000000000000e+00
1.147897897897897757e+00 1.000000000000000000e+00
1.148498498498498499e+00 1.000000000000000000e+00
1.149099099099099019e+00 1.000000000000000000e+00
1.149699699699699540e+00 1.000000000000000000e+00
1.150300300300300282e+00 1.000000000000000000e+00
1.150900900900900803e+00 1.000000000000000000e+00
1.151501501501501323e+00 1.000000000000000000e+00
1.152102102102102066e+00 1.000000000000000000e+00
1.152702702702702586e+00 1.000000000000000000e+00
1.153303303303303107e+00 1.000000000000000000e+00
1.153903903903903849e+00 1.000000000000000000e+00
1.154504504504504370e+00 1.000000000000000000e+00
1.155105105105104890e+00 1.000000000000000000e+00
1.155705705705705633e+00 1.000000000000000000e+00
1.156306306306306153e+00 1.000000000000000000e+00
1.156906906906906896e+00 1.000000000000000000e+00
1.157507507507507416e+00 1.000000000000000000e+00
1.158108108108107936e+00 1.000000000000000000e+00
1.158708708708708679e+00 1.000000000000000000e+00
1.159309309309309199e+00 1.000000000000000000e+00
1.159909909909909942e+00 1.000000000000000000e+00
1.160510510510510462e+00 1.000000000000000000e+00
1.161111111111110983e+00 1.000000000000000000e+00
1.161711711711711725e+00 1.000000000000000000e+00
1.162312312312312246e+00 1.000000000000000000e+00
1.162912912912912766e+00 1.000000000000000000e+00
1.163513513513513509e+00 1.000000000000000000e+00
1.164114114114114029e+00 1.000000000000000000e+00
1.164714714714714550e+00 1.000000000000000000e+00
1.165315315315315292e+00 1.000000000000000000e+00
1.165915915915915813e+00 1.000000000000000000e+00
1.166516516516516333e+00 1.000000000000000000e+00
1.167117117117117076e+00 1.000000000000000000e+00
1.167717717717717596e+00 1.000000000000000000e+00
1.168318318318318116e+00 1.000000000000000000e+00
1.168918918918918859e+00 1.000000000000000000e+00
1.169519519519519379e+00 1.000000000000000000e+00
1.170120120120119900e+00 1.000000000000000000e+00
1.170720720720720642e+00 1.000000000000000000e+00
1.171321321321321163e+00 1.000000000000000000e+00
1.171921921921921905e+00 1.000000000000000000e+00
1.172522522522522426e+00 1.000000000000000000e+00
1.173123123123123168e+00 1.000000000000000000e+00
1.173723723723723689e+00 1.000000000000000000e+00
1.174324324324324209e+00 1.000000000000000000e+00
1.174924924924924952e+00 1.000000000000000000e+00
1.175525525525525472e+00 1.000000000000000000e+00
1.176126126126125992e+00 1.000000000000000000e+00
1.176726726726726735e+00 1.000000000000000000e+00
1.177327327327327255e+00 1.000000000000000000e+00
1.177927927927927776e+00 1.000000000000000000e+00
1.178528528528528518e+00 1.000000000000000000e+00
1.179129129129129039e+00 1.000000000000000000e+00
1.179729729729729559e+00 1.000000000000000000e+00
1.180330330330330302e+00 1.000000000000000000e+00
1.180930930930930822e+00 1.000000000000000000e+00
1.181531531531531343e+00 1.000000000000000000e+00
1.182132132132132085e+00 1.000000000000000000e+00
1.182732732732732606e+00 1.000000000000000000e+00
1.183333333333333126e+00 1.000000000000000000e+00
1.183933933933933869e+00 1.000000000000000000e+00
1.184534534534534389e+00 1.000000000000000000e+00
1.185135135135134909e+00 1.000000000000000000e+00
1.185735735735735652e+00 1.000000000000000000e+00
1.186336336336336172e+00 1.000000000000000000e+00
1.186936936936936915e+00 1.000000000000000000e+00
1.187537537537537435e+00 1.000000000000000000e+00
1.188138138138138178e+00 1.000000000000000000e+00
1.188738738738738698e+00 1.000000000000000000e+00
1.189339339339339219e+00 1.000000000000000000e+00
1.189939939939939961e+00 1.000000000000000000e+00
1.190540540540540482e+00 1.000000000000000000e+00
1.191141141141141002e+00 1.000000000000000000e+00
1.191741741741741745e+00 1.000000000000000000e+00
1.192342342342342265e+00 1.000000000000000000e+00
1.192942942942942786e+00 1.000000000000000000e+00
1.193543543543543528e+00 1.000000000000000000e+00
1.194144144144144049e+00 1.000000000000000000e+00
1.194744744744744569e+00 1.000000000000000000e+00
1.195345345345345311e+00 1.000000000000000000e+00
1.195945945945945832e+00 1.000000000000000000e+00
1.196546546546546352e+00 1.000000000000000000e+00
1.197147147147147095e+00 1.000000000000000000e+00
1.197747747747747615e+00 1.000000000000000000e+00
1.198348348348348136e+00 1.000000000000000000e+00
1.198948948948948878e+00 1.000000000000000000e+00
1.199549549549549399e+00 1.000000000000000000e+00
1.200150150150150141e+00 1.000000000000000000e+00
1.200750750750750662e+00 1.000000000000000000e+00
1.201351351351351404e+00 1.000000000000000000e+00
1.201951951951951925e+00 1.000000000000000000e+00
1.202552552552552445e+00 1.000000000000000000e+00
1.203153153153153188e+00 1.000000000000000000e+00
1.203753753753753708e+00 1.000000000000000000e+00
1.204354354354354228e+00 1.000000000000000000e+00
1.204954954954954971e+00 1.000000000000000000e+00
1.205555555555555491e+00 1.000000000000000000e+00
1.206156156156156012e+00 1.000000000000000000e+00
1.206756756756756754e+00 1.000000000000000000e+00
1.207357357357357275e+00 1.000000000000000000e+00
1.207957957957957795e+00 1.000000000000000000e+00
1.208558558558558538e+00 1.000000000000000000e+00
1.209159159159159058e+00 1.000000000000000000e+00
1.209759759759759579e+00 1.000000000000000000e+00
1.210360360360360321e+00 1.000000000000000000e+00
1.210960960960960842e+00 1.000000000000000000e+00
1.211561561561561362e+00 1.000000000000000000e+00
1.212162162162162105e+00 1.000000000000000000e+00
1.212762762762762625e+00 1.000000000000000000e+00
1.213363363363363145e+00 1.000000000000000000e+00
1.213963963963963888e+00 1.000000000000000000e+00
1.214564564564564408e+00 1.000000000000000000e+00
1.215165165165165151e+00 1.000000000000000000e+00
1.215765765765765671e+00 1.000000000000000000e+00
1.216366366366366414e+00 1.000000000000000000e+00
1.216966966966966934e+00 1.000000000000000000e+00
1.217567567567567455e+00 1.000000000000000000e+00
1.218168168168168197e+00 1.000000000000000000e+00
1.218768768768768718e+00 1.000000000000000000e+00
1.219369369369369238e+00 1.000000000000000000e+00
1.219969969969969981e+00 1.000000000000000000e+00
1.220570570570570501e+00 1.000000000000000000e+00
1.221171171171171022e+00 1.000000000000000000e+00
1.221771771771771764e+00 1.000000000000000000e+00
1.222372372372372284e+00 1.000000000000000000e+00
1.222972972972972805e+00 1.000000000000000000e+00
1.223573573573573547e+00 1.000000000000000000e+00
1.224174174174174068e+00 1.000000000000000000e+00
1.224774774774774588e+00 1.000000000000000000e+00
1.225375375375375331e+00 1.000000000000000000e+00
1.225975975975975851e+00 1.000000000000000000e+00
1.226576576576576372e+00 1.000000000000000000e+00
1.227177177177177114e+00 1.000000000000000000e+00
1.227777777777777635e+00 1.000000000000000000e+00
1.228378378378378377e+00 1.000000000000000000e+00
1.228978978978978898e+00 1.000000000000000000e+00
1.229579579579579418e+00 1.000000000000000000e+00
1.230180180180180161e+00 1.000000000000000000e+00
1.230780780780780681e+00 1.000000000000000000e+00
1.231381381381381424e+00 1.000000000000000000e+00
1.231981981981981944e+00 1.000000000000000000e+00
1.232582582582582464e+00 1.000000000000000000e+00
1.233183183183183207e+00 1.000000000000000000e+00
1.233783783783783727e+00 1.000000000000000000e+00
1.234384384384384248e+00 1.000000000000000000e+00
1.234984984984984990e+00 1.000000000000000000e+00
1.235585585585585511e+00 1.000000000000000000e+00
1.236186186186186031e+00 1.000000000000000000e+00
1.236786786786786774e+00 1.000000000000000000e+00
1.237387387387387294e+00 1.000000000000000000e+00
1.237987987987987815e+00 1.000000000000000000e+00
1.238588588588588557e+00 1.000000000000000000e+00
1.239189189189189078e+00 1.000000000000000000e+00
1.239789789789789598e+00 1.000000000000000000e+00
1.240390390390390341e+00 1.000000000000000000e+00
1.240990990990990861e+00 1.000000000000000000e+00
1.241591591591591381e+00 1.000000000000000000e+00
1.242192192192192124e+00 1.000000000000000000e+00
1.242792792792792644e+00 1.000000000000000000e+00
1.243393393393393387e+00 1.000000000000000000e+00
1.243993993993993907e+00 1.000000000000000000e+00
1.244594594594594650e+00 1.000000000000000000e+00
1.245195195195195170e+00 1.000000000000000000e+00
1.245795795795795691e+00 1.000000000000000000e+00
1.246396396396396433e+00 1.000000000000000000e+00
1.246996996996996954e+00 1.000000000000000000e+00
1.247597597597597474e+00 1.000000000000000000e+00
1.248198198198198217e+00 1.000000000000000000e+00
1.248798798798798737e+00 1.000000000000000000e+00
1.249399399399399258e+00 1.000000000000000000e+00
1.250000000000000000e+00 1.000000000000000000e+00
1.250600600600600520e+00 1.000000000000000000e+00
1.251201201201201041e+00 1.000000000000000000e+00
1.251801801801801783e+00 1.000000000000000000e+00
1.252402402402402304e+00 1.000000000000000000e+00
1.253003003003002824e+00 1.000000000000000000e+00
1.253603603603603567e+00 1.000000000000000000e+00
1.254204204204204087e+00 1.000000000000000000e+00
1.254804804804804608e+00 1.000000000000000000e+00
1.255405405405405350e+00 1.000000000000000000e+00
1.256006006006005871e+00 1.000000000000000000e+00
1.256606606606606391e+00 1.000000000000000000e+00
1.257207207207207134e+00 1.000000000000000000e+00
1.257807807807807654e+00 1.000000000000000000e+00
1.258408408408408397e+00 1.000000000000000000e+00
1.259009009009008917e+00 1.000000000000000000e+00
1.259609609609609659e+00 1.000000000000000000e+00
1.260210210210210180e+00 1.000000000000000000e+00
1.260810810810810700e+00 1.000000000000000000e+00
1.261411411411411443e+00 1.000000000000000000e+00
1.262012012012011963e+00 1.000000000000000000e+00
1.262612612612612484e+00 1.000000000000000000e+00
1.263213213213213226e+00 1.000000000000000000e+00
1.263813813813813747e+00 1.000000000000000000e+00
1.264414414414414267e+00 1.000000000000000000e+00
1.265015015015015010e+00 1.000000000000000000e+00
1.265615615615615530e+00 1.000000000000000000e+00
1.266216216216216051e+00 1.000000000000000000e+00
1.266816816816816793e+00 1.000000000000000000e+00
1.267417417417417314e+00 1.000000000000000000e+00
1.268018018018017834e+00 1.000000000000000000e+00
1.268618618618618576e+00 1.000000000000000000e+00
1.269219219219219097e+00 1.000000000000000000e+00
1.269819819819819617e+00 1.000000000000000000e+00
1.270420420420420360e+00 1.000000000000000000e+00
1.271021021021020880e+00 1.000000000000000000e+00
1.271621621621621623e+00 1.000000000000000000e+00
1.272222222222222143e+00 1.000000000000000000e+00
1.272822822822822886e+00 1.000000000000000000e+00
1.273423423423423406e+00 1.000000000000000000e+00
1.274024024024023927e+00 1.000000000000000000e+00
1.274624624624624669e+00 1.000000000000000000e+00
1.275225225225225190e+00 1.000000000000000000e+00
1.275825825825825710e+00 1.000000000000000000e+00
1.276426426426426453e+00 1.000000000000000000e+00
1.277027027027026973e+00 1.000000000000000000e+00
1.277627627627627493e+00 1.000000000000000000e+00
1.278228228228228236e+00 1.000000000000000000e+00
1.278828828828828756e+00 1.000000000000000000e+00
1.279429429429429277e+00 1.000000000000000000e+00
1.280030030030030019e+00 1.000000000000000000e+00
1.280630630630630540e+00 1.000000000000000000e+00
1.281231231231231060e+00 1.000000000000000000e+00
1.281831831831831803e+00 1.000000000000000000e+00
1.282432432432432323e+00 1.000000000000000000e+00
1.283033033033032844e+00 1.000000000000000000e+00
1.283633633633633586e+00 1.000000000000000000e+00
1.284234234234234107e+00 1.000000000000000000e+00
1.284834834834834627e+00 1.000000000000000000e+00
1.285435435435435370e+00 1.000000000000000000e+00
1.286036036036035890e+00 1.000000000000000000e+00
1.286636636636636633e+00 1.000000000000000000e+00
1.287237237237237153e+00 1.000000000000000000e+00
1.287837837837837895e+00 1.000000000000000000e+00
1.288438438438438416e+00 1.000000000000000000e+00
1.289039039039038936e+00 1.000000000000000000e+00
1.289639639639639679e+00 1.000000000000000000e+00
1.290240240240240199e+00 1.000000000000000000e+00
1.290840840840840720e+00 1.000000000000000000e+00
1.291441441441441462e+00 1.000000000000000000e+00
1.292042042042041983e+00 1.000000000000000000e+00
1.292642642642642503e+00 1.000000000000000000e+00
1.293243243243243246e+00 1.000000000000000000e+00
1.293843843843843766e+00 1.000000000000000000e+00
1.294444444444444287e+00 1.000000000000000000e+00
1.295045045045045029e+00 1.000000000000000000e+00
1.295645645645645549e+00 1.000000000000000000e+00
1.296246246246246070e+00 1.000000000000000000e+00
1.296846846846846812e+00 1.000000000000000000e+00
1.297447447447447333e+00 1.000000000000000000e+00
1.298048048048047853e+00 1.000000000000000000e+00
1.298648648648648596e+00 1.000000000000000000e+00
1.299249249249249116e+00 1.000000000000000000e+00
1.299849849849849859e+00 1.000000000000000000e+00
1.300450450450450379e+00 0.000000000000000000e+00
1.301051051051050900e+00 0.000000000000000000e+00
1.301651651651651642e+00 0.000000000000000000e+00
1.302252252252252163e+00 0.000000000000000000e+00
1.302852852852852905e+00 0.000000000000000000e+00
1.303453453453453426e+00 0.000000000000000000e+00
1.304054054054053946e+00 0.000000000000000000e+00
1.304654654654654689e+00 0.000000000000000000e+00
1.305255255255255209e+00 0.000000000000000000e+00
1.305855855855855729e+00 0.000000000000000000e+00
1.306456456456456472e+00 0.000000000000000000e+00
1.307057057057056992e+00 0.000000000000000000e+00
1.307657657657657513e+00 0.000000000000000000e+00
1.308258258258258255e+00 0.000000000000000000e+00
1.308858858858858776e+00 0.000000000000000000e+00
1.309459459459459296e+00 0.000000000000000000e+00
1.310060060060060039e+00 0.000000000000000000e+00
1.310660660660660559e+00 0.000000000000000000e+00
1.311261261261261080e+00 0.000000000000000000e+00
1.311861861861861822e+00 0.000000000000000000e+00
1.312462462462462343e+00 0.000000000000000000e+00
1.313063063063062863e+00 0.000000000000000000e+00
1.313663663663663606e+00 0.000000000000000000e+00
1.314264264264264126e+00 0.000000000000000000e+00
1.314864864864864868e+00 0.000000000000000000e+00
1.315465465465465389e+00 0.000000000000000000e+00
1.316066066066066131e+00 0.000000000000000000e+00
1.316666666666666652e+00 0.000000000000000000e+00
1.317267267267267172e+00 0.000000000000000000e+00
1.317867867867867915e+00 0.000000000000000000e+00
1.318468468468468435e+00 0.000000000000000000e+00
1.319069069069068956e+00 0.000000000000000000e+00
1.319669669669669698e+00 0.000000000000000000e+00
1.320270270270270219e+00 0.000000000000000000e+00
1.320870870870870739e+00 0.000000000000000000e+00
1.321471471471471482e+00 0.000000000000000000e+00
1.322072072072072002e+00 0.000000000000000000e+00
1.322672672672672523e+00 0.000000000000000000e+00
1.323273273273273265e+00 0.000000000000000000e+00
1.323873873873873785e+00 0.000000000000000000e+00
1.324474474474474306e+00 0.000000000000000000e+00
1.325075075075075048e+00 0.000000000000000000e+00
1.325675675675675569e+00 0.000000000000000000e+00
1.326276276276276089e+00 0.000000000000000000e+00
1.326876876876876832e+00 0.000000000000000000e+00
1.327477477477477352e+00 0.000000000000000000e+00
1.328078078078077873e+00 0.000000000000000000e+00
1.328678678678678615e+00 0.000000000000000000e+00
1.329279279279279136e+00 0.000000000000000000e+00
1.329879879879879878e+00 0.000000000000000000e+00
1.330480480480480399e+00 0.000000000000000000e+00
1.331081081081081141e+00 0.000000000000000000e+00
1.331681681681681662e+00 0.000000000000000000e+00
1.332282282282282182e+00 0.000000000000000000e+00
1.332882882882882924e+00 0.000000000000000000e+00
1.333483483483483445e+00 0.000000000000000000e+00
1.334084084084083965e+00 0.000000000000000000e+00
1.334684684684684708e+00 0.000000000000000000e+00
1.335285285285285228e+00 0.000000000000000000e+00
1.335885885885885749e+00 0.000000000000000000e+00
1.336486486486486491e+00 0.000000000000000000e+00
1.337087087087087012e+00 0.000000000000000000e+00
1.337687687687687532e+00 0.000000000000000000e+00
1.338288288288288275e+00 0.000000000000000000e+00
1.338888888888888795e+00 0.000000000000000000e+00
1.339489489489489316e+00 0.000000000000000000e+00
1.340090090090090058e+00 0.000000000000000000e+00
1.340690690690690579e+00 0.000000000000000000e+00
1.341291291291291099e+00 0.000000000000000000e+00
1.341891891891891841e+00 0.000000000000000000e+00
1.342492492492492362e+00 0.000000000000000000e+00
1.343093093093093104e+00 0.000000000000000000e+00
1.343693693693693625e+00 0.000000000000000000e+00
1.344294294294294145e+00 0.000000000000000000e+00
1.344894894894894888e+00 0.000000000000000000e+00
1.345495495495495408e+00 0.000000000000000000e+00
1.346096096096096151e+00 0.000000000000000000e+00
1.346696696696696671e+00 0.000000000000000000e+00
1.347297297297297192e+00 0.000000000000000000e+00
1.347897897897897934e+00 0.000000000000000000e+00
1.348498498498498455e+00 0.000000000000000000e+00
1.349099099099098975e+00 0.000000000000000000e+00
1.349699699699699718e+00 0.000000000000000000e+00
1.350300300300300238e+00 0.000000000000000000e+00
1.350900900900900758e+00 0.000000000000000000e+00
1.351501501501501501e+00 0.000000000000000000e+00
1.352102102102102021e+00 0.000000000000000000e+00
1.352702702702702542e+00 0.000000000000000000e+00
1.353303303303303284e+00 0.000000000000000000e+00
1.353903903903903805e+00 0.000000000000000000e+00
1.354504504504504325e+00 0.000000000000000000e+00
1.355105105105105068e+00 0.000000000000000000e+00
1.355705705705705588e+00 0.000000000000000000e+00
1.356306306306306109e+00 0.000000000000000000e+00
1.356906906906906851e+00 0.000000000000000000e+00
1.357507507507507594e+00 0.000000000000000000e+00
1.358108108108107892e+00 0.000000000000000000e+00
1.358708708708708635e+00 0.000000000000000000e+00
1.359309309309309377e+00 0.000000000000000000e+00
1.359909909909909898e+00 0.000000000000000000e+00
1.360510510510510418e+00 0.000000000000000000e+00
1.361111111111111160e+00 0.000000000000000000e+00
1.361711711711711681e+00 0.000000000000000000e+00
1.362312312312312201e+00 0.000000000000000000e+00
1.362912912912912944e+00 0.000000000000000000e+00
1.363513513513513464e+00 0.000000000000000000e+00
1.364114114114113985e+00 0.000000000000000000e+00
1.364714714714714727e+00 0.000000000000000000e+00
1.365315315315315248e+00 0.000000000000000000e+00
1.365915915915915768e+00 0.000000000000000000e+00
1.366516516516516511e+00 0.000000000000000000e+00
1.367117117117117031e+00 0.000000000000000000e+00
1.367717717717717552e+00 0.000000000000000000e+00
1.368318318318318294e+00 0.000000000000000000e+00
1.368918918918918814e+00 0.000000000000000000e+00
1.369519519519519335e+00 0.000000000000000000e+00
1.370120120120120077e+00 0.000000000000000000e+00
1.370720720720720820e+00 0.000000000000000000e+00
1.371321321321321118e+00 0.000000000000000000e+00
1.371921921921921861e+00 0.000000000000000000e+00
1.372522522522522603e+00 0.000000000000000000e+00
1.373123123123122902e+00 0.000000000000000000e+00
1.373723723723723644e+00 0.000000000000000000e+00
1.374324324324324387e+00 0.000000000000000000e+00
1.374924924924924907e+00 0.000000000000000000e+00
1.375525525525525428e+00 0.000000000000000000e+00
1.376126126126126170e+00 0.000000000000000000e+00
1.376726726726726691e+00 0.000000000000000000e+00
1.377327327327327211e+00 0.000000000000000000e+00
1.377927927927927954e+00 0.000000000000000000e+00
1.378528528528528474e+00 0.000000000000000000e+00
1.379129129129128994e+00 0.000000000000000000e+00
1.379729729729729737e+00 0.000000000000000000e+00
1.380330330330330257e+00 0.000000000000000000e+00
1.380930930930930778e+00 0.000000000000000000e+00
1.381531531531531520e+00 0.000000000000000000e+00
1.382132132132132041e+00 0.000000000000000000e+00
1.382732732732732561e+00 0.000000000000000000e+00
1.383333333333333304e+00 0.000000000000000000e+00
1.383933933933933824e+00 0.000000000000000000e+00
1.384534534534534345e+00 0.000000000000000000e+00
1.385135135135135087e+00 0.000000000000000000e+00
1.385735735735735830e+00 0.000000000000000000e+00
1.386336336336336128e+00 0.000000000000000000e+00
1.386936936936936871e+00 0.000000000000000000e+00
1.387537537537537613e+00 0.000000000000000000e+00
1.388138138138138133e+00 0.000000000000000000e+00
1.388738738738738654e+00 0.000000000000000000e+00
1.389339339339339396e+00 0.000000000000000000e+00
1.389939939939939917e+00 0.000000000000000000e+00
1.390540540540540437e+00 0.000000000000000000e+00
1.391141141141141180e+00 0.000000000000000000e+00
1.391741741741741700e+00 0.000000000000000000e+00
1.392342342342342221e+00 0.000000000000000000e+00
1.392942942942942963e+00 0.000000000000000000e+00
1.393543543543543484e+00 0.000000000000000000e+00
1.394144144144144004e+00 0.000000000000000000e+00
1.394744744744744747e+00 0.000000000000000000e+00
1.395345345345345267e+00 0.000000000000000000e+00
1.395945945945945788e+00 0.000000000000000000e+00
1.396546546546546530e+00 0.000000000000000000e+00
1.397147147147147050e+00 0.000000000000000000e+00
1.397747747747747571e+00 0.000000000000000000e+00
1.398348348348348313e+00 0.000000000000000000e+00
1.398948948948949056e+00 0.000000000000000000e+00
1.399549549549549354e+00 0.000000000000000000e+00
1.400150150150150097e+00 0.000000000000000000e+00
1.400750750750750839e+00 0.000000000000000000e+00
1.401351351351351138e+00 0.000000000000000000e+00
1.401951951951951880e+00 0.000000000000000000e+00
1.402552552552552623e+00 0.000000000000000000e+00
1.403153153153153143e+00 0.000000000000000000e+00
1.403753753753753664e+00 0.000000000000000000e+00
1.404354354354354406e+00 0.000000000000000000e+00
1.404954954954954927e+00 0.000000000000000000e+00
1.405555555555555447e+00 0.000000000000000000e+00
1.406156156156156189e+00 0.000000000000000000e+00
1.406756756756756710e+00 0.000000000000000000e+00
1.407357357357357230e+00 0.000000000000000000e+00
1.407957957957957973e+00 0.000000000000000000e+00
1.408558558558558493e+00 0.000000000000000000e+00
1.409159159159159014e+00 0.000000000000000000e+00
1.409759759759759756e+00 0.000000000000000000e+00
1.410360360360360277e+00 0.000000000000000000e+00
1.410960960960960797e+00 0.000000000000000000e+00
1.411561561561561540e+00 0.000000000000000000e+00
1.412162162162162060e+00 0.000000000000000000e+00
1.412762762762762581e+00 0.000000000000000000e+00
1.413363363363363323e+00 0.000000000000000000e+00
1.413963963963964066e+00 0.000000000000000000e+00
1.414564564564564364e+00 0.000000000000000000e+00
1.415165165165165106e+00 0.000000000000000000e+00
1.415765765765765849e+00 0.000000000000000000e+00
1.416366366366366147e+00 0.000000000000000000e+00
1.416966966966966890e+00 0.000000000000000000e+00
1.417567567567567632e+00 0.000000000000000000e+00
1.418168168168168153e+00 0.000000000000000000e+00
1.418768768768768673e+00 0.000000000000000000e+00
1.419369369369369416e+00 0.000000000000000000e+00
1.419969969969969936e+00 0.000000000000000000e+00
1.420570570570570457e+00 0.000000000000000000e+00
1.421171171171171199e+00 0.000000000000000000e+00
1.421771771771771720e+00 0.000000000000000000e+00
1.422372372372372240e+00 0.000000000000000000e+00
1.422972972972972983e+00 0.000000000000000000e+00
1.423573573573573503e+00 0.000000000000000000e+00
1.424174174174174023e+00 0.000000000000000000e+00
1.424774774774774766e+00 0.000000000000000000e+00
1.425375375375375286e+00 0.000000000000000000e+00
1.425975975975975807e+00 0.000000000000000000e+00
1.426576576576576549e+00 0.000000000000000000e+00
1.427177177177177070e+00 0.000000000000000000e+00
1.427777777777777590e+00 0.000000000000000000e+00
1.428378378378378333e+00 0.000000000000000000e+00
1.428978978978979075e+00 0.000000000000000000e+00
1.429579579579579374e+00 0.000000000000000000e+00
1.430180180180180116e+00 0.000000000000000000e+00
1.430780780780780859e+00 0.000000000000000000e+00
1.431381381381381379e+00 0.000000000000000000e+00
1.431981981981981900e+00 0.000000000000000000e+00
1.432582582582582642e+00 0.000000000000000000e+00
1.433183183183183163e+00 0.000000000000000000e+00
1.433783783783783683e+00 0.000000000000000000e+00
1.434384384384384425e+00 0.000000000000000000e+00
1.434984984984984946e+00 0.000000000000000000e+00
1.435585585585585466e+00 0.000000000000000000e+00
1.436186186186186209e+00 0.000000000000000000e+00
1.436786786786786729e+00 0.000000000000000000e+00
1.437387387387387250e+00 0.000000000000000000e+00
1.437987987987987992e+00 0.000000000000000000e+00
1.438588588588588513e+00 0.000000000000000000e+00
1.439189189189189033e+00 0.000000000000000000e+00
1.439789789789789776e+00 0.000000000000000000e+00
1.440390390390390296e+00 0.000000000000000000e+00
1.440990990990990817e+00 0.000000000000000000e+00
1.441591591591591559e+00 0.000000000000000000e+00
1.442192192192192302e+00 0.000000000000000000e+00
1.442792792792792600e+00 0.000000000000000000e+00
1.443393393393393342e+00 0.000000000000000000e+00
1.443993993993994085e+00 0.000000000000000000e+00
1.444594594594594383e+00 0.000000000000000000e+00
1.445195195195195126e+00 0.000000000000000000e+00
1.445795795795795868e+00 0.000000000000000000e+00
1.446396396396396389e+00 0.000000000000000000e+00
1.446996996996996909e+00 0.000000000000000000e+00
1.447597597597597652e+00 0.000000000000000000e+00
1.448198198198198172e+00 0.000000000000000000e+00
1.448798798798798693e+00 0.000000000000000000e+00
1.449399399399399435e+00 0.000000000000000000e+00
1.449999999999999956e+00 0.000000000000000000e+00
