1.749999999999999778e+00 0.000000000000000000e+00
1.750600600600600298e+00 0.000000000000000000e+00
1.751201201201201041e+00 0.000000000000000000e+00
1.751801801801801561e+00 0.000000000000000000e+00
1.752402402402402082e+00 0.000000000000000000e+00
1.753003003003002824e+00 0.000000000000000000e+00
1.753603603603603345e+00 0.000000000000000000e+00
1.754204204204204087e+00 0.000000000000000000e+00
1.754804804804804608e+00 0.000000000000000000e+00
1.755405405405405128e+00 0.000000000000000000e+00
1.756006006006005871e+00 0.000000000000000000e+00
1.756606606606606391e+00 0.000000000000000000e+00
1.757207207207206912e+00 0.000000000000000000e+00
1.757807807807807654e+00 0.000000000000000000e+00
1.758408408408408174e+00 0.000000000000000000e+00
1.759009009009008695e+00 0.000000000000000000e+00
1.759609609609609437e+00 0.000000000000000000e+00
1.760210210210209958e+00 0.000000000000000000e+00
1.760810810810810478e+00 0.000000000000000000e+00
1.761411411411411221e+00 0.000000000000000000e+00
1.762012012012011741e+00 0.000000000000000000e+00
1.762612612612612484e+00 0.000000000000000000e+00
1.763213213213213004e+00 0.000000000000000000e+00
1.763813813813813525e+00 0.000000000000000000e+00
1.764414414414414267e+00 0.000000000000000000e+00
1.765015015015014788e+00 0.000000000000000000e+00
1.765615615615615308e+00 0.000000000000000000e+00
1.766216216216216051e+00 0.000000000000000000e+00
1.766816816816816571e+00 0.000000000000000000e+00
1.767417417417417091e+00 0.000000000000000000e+00
1.768018018018017834e+00 0.000000000000000000e+00
1.768618618618618354e+00 0.000000000000000000e+00
1.769219219219219097e+00 0.000000000000000000e+00
1.769819819819819617e+00 0.000000000000000000e+00
1.770420420420420138e+00 0.000000000000000000e+00
1.771021021021020880e+00 0.000000000000000000e+00
1.771621621621621401e+00 0.000000000000000000e+00
1.772222222222221921e+00 0.000000000000000000e+00
1.772822822822822664e+00 0.000000000000000000e+00
1.773423423423423184e+00 0.000000000000000000e+00
1.774024024024023705e+00 0.000000000000000000e+00
1.774624624624624447e+00 0.000000000000000000e+00
1.775225225225224968e+00 0.000000000000000000e+00
1.775825825825825710e+00 0.000000000000000000e+00
1.776426426426426231e+00 0.000000000000000000e+00
1.777027027027026751e+00 0.000000000000000000e+00
1.777627627627627493e+00 0.000000000000000000e+00
1.778228228228228014e+00 0.000000000000000000e+00
1.778828828828828534e+00 0.000000000000000000e+00
1.779429429429429277e+00 0.000000000000000000e+00
1.780030030030029797e+00 0.000000000000000000e+00
1.780630630630630318e+00 0.000000000000000000e+00
1.781231231231231060e+00 0.000000000000000000e+00
1.781831831831831581e+00 0.000000000000000000e+00
1.782432432432432101e+00 0.000000000000000000e+00
1.783033033033032844e+00 0.000000000000000000e+00
1.783633633633633364e+00 0.000000000000000000e+00
1.784234234234234107e+00 0.000000000000000000e+00
1.784834834834834627e+00 0.000000000000000000e+00
1.785435435435435148e+00 0.000000000000000000e+00
1.786036036036035890e+00 0.000000000000000000e+00
1.786636636636636410e+00 0.000000000000000000e+00
1.787237237237236931e+00 0.000000000000000000e+00
1.787837837837837673e+00 0.000000000000000000e+00
1.788438438438438194e+00 0.000000000000000000e+00
1.789039039039038714e+00 0.000000000000000000e+00
1.789639639639639457e+00 0.000000000000000000e+00
1.790240240240239977e+00 0.000000000000000000e+00
1.790840840840840720e+00 0.000000000000000000e+00
1.791441441441441240e+00 0.000000000000000000e+00
1.792042042042041761e+00 0.000000000000000000e+00
1.792642642642642503e+00 0.000000000000000000e+00
1.793243243243243024e+00 0.000000000000000000e+00
1.793843843843843544e+00 0.000000000000000000e+00
1.794444444444444287e+00 0.000000000000000000e+00
1.795045045045044807e+00 0.000000000000000000e+00
1.795645645645645327e+00 0.000000000000000000e+00
1.796246246246246070e+00 0.000000000000000000e+00
1.796846846846846590e+00 0.000000000000000000e+00
1.797447447447447111e+00 0.000000000000000000e+00
1.798048048048047853e+00 0.000000000000000000e+00
1.798648648648648374e+00 0.000000000000000000e+00
1.799249249249249116e+00 0.000000000000000000e+00
1.799849849849849637e+00 0.000000000000000000e+00
1.800450450450450157e+00 0.000000000000000000e+00
1.801051051051050900e+00 0.000000000000000000e+00
1.801651651651651420e+00 0.000000000000000000e+00
1.802252252252251941e+00 0.000000000000000000e+00
1.802852852852852683e+00 0.000000000000000000e+00
1.803453453453453204e+00 0.000000000000000000e+00
1.804054054054053724e+00 0.000000000000000000e+00
1.804654654654654466e+00 0.000000000000000000e+00
1.805255255255254987e+00 0.000000000000000000e+00
1.805855855855855729e+00 0.000000000000000000e+00
1.806456456456456250e+00 0.000000000000000000e+00
1.807057057057056770e+00 0.000000000000000000e+00
1.807657657657657513e+00 0.000000000000000000e+00
1.808258258258258033e+00 0.000000000000000000e+00
1.808858858858858554e+00 0.000000000000000000e+00
1.809459459459459296e+00 0.000000000000000000e+00
1.810060060060059817e+00 0.000000000000000000e+00
1.810660660660660337e+00 0.000000000000000000e+00
1.811261261261261080e+00 0.000000000000000000e+00
1.811861861861861600e+00 0.000000000000000000e+00
1.812462462462462121e+00 0.000000000000000000e+00
1.813063063063062863e+00 0.000000000000000000e+00
1.813663663663663383e+00 0.000000000000000000e+00
1.814264264264264126e+00 0.000000000000000000e+00
1.814864864864864646e+00 0.000000000000000000e+00
1.815465465465465167e+00 0.000000000000000000e+00
1.816066066066065909e+00 0.000000000000000000e+00
1.816666666666666430e+00 0.000000000000000000e+00
1.817267267267266950e+00 0.000000000000000000e+00
1.817867867867867693e+00 0.000000000000000000e+00
1.818468468468468213e+00 0.000000000000000000e+00
1.819069069069068734e+00 0.000000000000000000e+00
1.819669669669669476e+00 0.000000000000000000e+00
1.820270270270269997e+00 0.000000000000000000e+00
1.820870870870870739e+00 0.000000000000000000e+00
1.821471471471471260e+00 0.000000000000000000e+00
1.822072072072071780e+00 0.000000000000000000e+00
1.822672672672672523e+00 0.000000000000000000e+00
1.823273273273273043e+00 0.000000000000000000e+00
1.823873873873873563e+00 0.000000000000000000e+00
1.824474474474474306e+00 0.000000000000000000e+00
1.825075075075074826e+00 0.000000000000000000e+00
1.825675675675675347e+00 0.000000000000000000e+00
1.826276276276276089e+00 0.000000000000000000e+00
1.826876876876876610e+00 0.000000000000000000e+00
1.827477477477477130e+00 0.000000000000000000e+00
1.828078078078077873e+00 0.000000000000000000e+00
1.828678678678678393e+00 0.000000000000000000e+00
1.829279279279279136e+00 0.000000000000000000e+00
1.829879879879879656e+00 0.000000000000000000e+00
1.830480480480480177e+00 0.000000000000000000e+00
1.831081081081080919e+00 0.000000000000000000e+00
1.831681681681681439e+00 0.000000000000000000e+00
1.832282282282281960e+00 0.000000000000000000e+00
1.832882882882882702e+00 0.000000000000000000e+00
1.833483483483483223e+00 0.000000000000000000e+00
1.834084084084083743e+00 0.000000000000000000e+00
1.834684684684684486e+00 0.000000000000000000e+00
1.835285285285285006e+00 0.000000000000000000e+00
1.835885885885885749e+00 0.000000000000000000e+00
1.836486486486486269e+00 0.000000000000000000e+00
1.837087087087086790e+00 0.000000000000000000e+00
1.837687687687687532e+00 0.000000000000000000e+00
1.838288288288288053e+00 0.000000000000000000e+00
1.838888888888888573e+00 0.000000000000000000e+00
1.839489489489489316e+00 0.000000000000000000e+00
1.840090090090089836e+00 0.000000000000000000e+00
1.840690690690690356e+00 0.000000000000000000e+00
1.841291291291291099e+00 0.000000000000000000e+00
1.841891891891891619e+00 0.000000000000000000e+00
1.842492492492492140e+00 0.000000000000000000e+00
1.843093093093092882e+00 0.000000000000000000e+00
1.843693693693693403e+00 0.000000000000000000e+00
1.844294294294294145e+00 0.000000000000000000e+00
1.844894894894894666e+00 0.000000000000000000e+00
1.845495495495495186e+00 0.000000000000000000e+00
1.846096096096095929e+00 0.000000000000000000e+00
1.846696696696696449e+00 0.000000000000000000e+00
1.847297297297296970e+00 0.000000000000000000e+00
1.847897897897897712e+00 0.000000000000000000e+00
1.848498498498498233e+00 0.000000000000000000e+00
1.849099099099098753e+00 0.000000000000000000e+00
1.849699699699699496e+00 0.000000000000000000e+00
1.850300300300300016e+00 0.000000000000000000e+00
1.850900900900900758e+00 0.000000000000000000e+00
1.851501501501501279e+00 0.000000000000000000e+00
1.852102102102101799e+00 0.000000000000000000e+00
1.852702702702702542e+00 0.000000000000000000e+00
1.853303303303303062e+00 0.000000000000000000e+00
1.853903903903903583e+00 0.000000000000000000e+00
1.854504504504504325e+00 0.000000000000000000e+00
1.855105105105104846e+00 0.000000000000000000e+00
1.855705705705705366e+00 0.000000000000000000e+00
1.856306306306306109e+00 0.000000000000000000e+00
1.856906906906906629e+00 0.000000000000000000e+00
1.857507507507507150e+00 0.000000000000000000e+00
1.858108108108107892e+00 0.000000000000000000e+00
1.858708708708708413e+00 0.000000000000000000e+00
1.859309309309309155e+00 0.000000000000000000e+00
1.859909909909909675e+00 0.000000000000000000e+00
1.860510510510510196e+00 0.000000000000000000e+00
1.861111111111110938e+00 0.000000000000000000e+00
1.861711711711711459e+00 0.000000000000000000e+00
1.862312312312311979e+00 0.000000000000000000e+00
1.862912912912912722e+00 0.000000000000000000e+00
1.863513513513513242e+00 0.000000000000000000e+00
1.864114114114113763e+00 0.000000000000000000e+00
1.864714714714714505e+00 0.000000000000000000e+00
1.865315315315315026e+00 0.000000000000000000e+00
1.865915915915915768e+00 0.000000000000000000e+00
1.866516516516516289e+00 0.000000000000000000e+00
1.867117117117116809e+00 0.000000000000000000e+00
1.867717717717717552e+00 0.000000000000000000e+00
1.868318318318318072e+00 0.000000000000000000e+00
1.868918918918918592e+00 0.000000000000000000e+00
1.869519519519519335e+00 0.000000000000000000e+00
1.870120120120119855e+00 0.000000000000000000e+00
1.870720720720720376e+00 0.000000000000000000e+00
1.871321321321321118e+00 0.000000000000000000e+00
1.871921921921921639e+00 0.000000000000000000e+00
1.872522522522522159e+00 0.000000000000000000e+00
1.873123123123122902e+00 0.000000000000000000e+00
1.873723723723723422e+00 0.000000000000000000e+00
1.874324324324324165e+00 0.000000000000000000e+00
1.874924924924924685e+00 0.000000000000000000e+00
1.875525525525525206e+00 0.000000000000000000e+00
1.876126126126125948e+00 0.000000000000000000e+00
1.876726726726726469e+00 0.000000000000000000e+00
1.877327327327326989e+00 0.000000000000000000e+00
1.877927927927927731e+00 0.000000000000000000e+00
1.878528528528528252e+00 0.000000000000000000e+00
1.879129129129128994e+00 0.000000000000000000e+00
1.879729729729729515e+00 0.000000000000000000e+00
1.880330330330330035e+00 0.000000000000000000e+00
1.880930930930930778e+00 0.000000000000000000e+00
1.881531531531531298e+00 0.000000000000000000e+00
1.882132132132131819e+00 0.000000000000000000e+00
1.882732732732732561e+00 0.000000000000000000e+00
1.883333333333333082e+00 0.000000000000000000e+00
1.883933933933933602e+00 0.000000000000000000e+00
1.884534534534534345e+00 0.000000000000000000e+00
1.885135135135134865e+00 0.000000000000000000e+00
1.885735735735735386e+00 0.000000000000000000e+00
1.886336336336336128e+00 0.000000000000000000e+00
1.886936936936936648e+00 0.000000000000000000e+00
1.887537537537537169e+00 0.000000000000000000e+00
1.888138138138137911e+00 0.000000000000000000e+00
1.888738738738738432e+00 0.000000000000000000e+00
1.889339339339339174e+00 0.000000000000000000e+00
1.889939939939939695e+00 0.000000000000000000e+00
1.890540540540540215e+00 0.000000000000000000e+00
1.891141141141140958e+00 0.000000000000000000e+00
1.891741741741741478e+00 0.000000000000000000e+00
1.892342342342341999e+00 0.000000000000000000e+00
1.892942942942942741e+00 0.000000000000000000e+00
1.893543543543543262e+00 0.000000000000000000e+00
1.894144144144144004e+00 0.000000000000000000e+00
1.894744744744744525e+00 0.000000000000000000e+00
1.895345345345345045e+00 0.000000000000000000e+00
1.895945945945945788e+00 0.000000000000000000e+00
1.896546546546546308e+00 0.000000000000000000e+00
1.897147147147146828e+00 0.000000000000000000e+00
1.897747747747747571e+00 0.000000000000000000e+00
1.898348348348348091e+00 0.000000000000000000e+00
1.898948948948948612e+00 0.000000000000000000e+00
1.899549549549549354e+00 0.000000000000000000e+00
1.900150150150149875e+00 1.000000000000000000e+00
1.900750750750750395e+00 1.000000000000000000e+00
1.901351351351351138e+00 1.000000000000000000e+00
1.901951951951951658e+00 1.000000000000000000e+00
1.902552552552552179e+00 1.000000000000000000e+00
1.903153153153152921e+00 1.000000000000000000e+00
1.903753753753753442e+00 1.000000000000000000e+00
1.904354354354354184e+00 1.000000000000000000e+00
1.904954954954954705e+00 1.000000000000000000e+00
1.905555555555555225e+00 1.000000000000000000e+00
1.906156156156155967e+00 1.000000000000000000e+00
1.906756756756756488e+00 1.000000000000000000e+00
1.907357357357357008e+00 1.000000000000000000e+00
1.907957957957957751e+00 1.000000000000000000e+00
1.908558558558558271e+00 1.000000000000000000e+00
1.909159159159159014e+00 1.000000000000000000e+00
1.909759759759759534e+00 1.000000000000000000e+00
1.910360360360360055e+00 1.000000000000000000e+00
1.910960960960960797e+00 1.000000000000000000e+00
1.911561561561561318e+00 1.000000000000000000e+00
1.912162162162161838e+00 1.000000000000000000e+00
1.912762762762762581e+00 1.000000000000000000e+00
1.913363363363363101e+00 1.000000000000000000e+00
1.913963963963963621e+00 1.000000000000000000e+00
1.914564564564564364e+00 1.000000000000000000e+00
1.915165165165164884e+00 1.000000000000000000e+00
1.915765765765765405e+00 1.000000000000000000e+00
1.916366366366366147e+00 1.000000000000000000e+00
1.916966966966966668e+00 1.000000000000000000e+00
1.917567567567567188e+00 1.000000000000000000e+00
1.918168168168167931e+00 1.000000000000000000e+00
1.918768768768768451e+00 1.000000000000000000e+00
1.919369369369369194e+00 1.000000000000000000e+00
1.919969969969969714e+00 1.000000000000000000e+00
1.920570570570570235e+00 1.000000000000000000e+00
1.921171171171170977e+00 1.000000000000000000e+00
1.921771771771771498e+00 1.000000000000000000e+00
1.922372372372372018e+00 1.000000000000000000e+00
1.922972972972972761e+00 1.000000000000000000e+00
1.923573573573573281e+00 1.000000000000000000e+00
1.924174174174174023e+00 1.000000000000000000e+00
1.924774774774774544e+00 1.000000000000000000e+00
1.925375375375375064e+00 1.000000000000000000e+00
1.925975975975975807e+00 1.000000000000000000e+00
1.926576576576576327e+00 1.000000000000000000e+00
1.927177177177176848e+00 1.000000000000000000e+00
1.927777777777777590e+00 1.000000000000000000e+00
1.928378378378378111e+00 1.000000000000000000e+00
1.928978978978978631e+00 1.000000000000000000e+00
1.929579579579579374e+00 1.000000000000000000e+00
1.930180180180179894e+00 1.000000000000000000e+00
1.930780780780780415e+00 1.000000000000000000e+00
1.931381381381381157e+00 1.000000000000000000e+00
1.931981981981981678e+00 1.000000000000000000e+00
1.932582582582582198e+00 1.000000000000000000e+00
1.933183183183182940e+00 1.000000000000000000e+00
1.933783783783783461e+00 1.000000000000000000e+00
1.934384384384384203e+00 1.000000000000000000e+00
1.934984984984984724e+00 1.000000000000000000e+00
1.935585585585585244e+00 1.000000000000000000e+00
1.936186186186185987e+00 1.000000000000000000e+00
1.936786786786786507e+00 1.000000000000000000e+00
1.937387387387387028e+00 1.000000000000000000e+00
1.937987987987987770e+00 1.000000000000000000e+00
1.938588588588588291e+00 1.000000000000000000e+00
1.939189189189189033e+00 1.000000000000000000e+00
1.939789789789789554e+00 1.000000000000000000e+00
1.940390390390390074e+00 1.000000000000000000e+00
1.940990990990990817e+00 1.000000000000000000e+00
1.941591591591591337e+00 1.000000000000000000e+00
1.942192192192191857e+00 1.000000000000000000e+00
1.942792792792792600e+00 1.000000000000000000e+00
1.943393393393393120e+00 1.000000000000000000e+00
1.943993993993993641e+00 1.000000000000000000e+00
1.944594594594594383e+00 1.000000000000000000e+00
1.945195195195194904e+00 1.000000000000000000e+00
1.945795795795795424e+00 1.000000000000000000e+00
1.946396396396396167e+00 1.000000000000000000e+00
1.946996996996996687e+00 1.000000000000000000e+00
1.947597597597597208e+00 1.000000000000000000e+00
1.948198198198197950e+00 1.000000000000000000e+00
1.948798798798798471e+00 1.000000000000000000e+00
1.949399399399399213e+00 1.000000000000000000e+00
1.949999999999999734e+00 1.000000000000000000e+00
1.950600600600600254e+00 1.000000000000000000e+00
1.951201201201200996e+00 1.000000000000000000e+00
1.951801801801801517e+00 1.000000000000000000e+00
1.952402402402402259e+00 1.000000000000000000e+00
1.953003003003002780e+00 1.000000000000000000e+00
1.953603603603603300e+00 1.000000000000000000e+00
1.954204204204204043e+00 1.000000000000000000e+00
1.954804804804804563e+00 1.000000000000000000e+00
1.955405405405405084e+00 1.000000000000000000e+00
1.956006006006005826e+00 1.000000000000000000e+00
1.956606606606606347e+00 1.000000000000000000e+00
1.957207207207206867e+00 1.000000000000000000e+00
1.957807807807807610e+00 1.000000000000000000e+00
1.958408408408408130e+00 1.000000000000000000e+00
1.959009009009008651e+00 1.000000000000000000e+00
1.959609609609609393e+00 1.000000000000000000e+00
1.960210210210209913e+00 1.000000000000000000e+00
1.960810810810810434e+00 1.000000000000000000e+00
1.961411411411411176e+00 1.000000000000000000e+00
1.962012012012011697e+00 1.000000000000000000e+00
1.962612612612612439e+00 1.000000000000000000e+00
1.963213213213212960e+00 1.000000000000000000e+00
1.963813813813813480e+00 1.000000000000000000e+00
1.964414414414414223e+00 1.000000000000000000e+00
1.965015015015014743e+00 1.000000000000000000e+00
1.965615615615615264e+00 1.000000000000000000e+00
1.966216216216216006e+00 1.000000000000000000e+00
1.966816816816816527e+00 1.000000000000000000e+00
1.967417417417417269e+00 1.000000000000000000e+00
1.968018018018017790e+00 1.000000000000000000e+00
1.968618618618618310e+00 1.000000000000000000e+00
1.969219219219219053e+00 1.000000000000000000e+00
1.969819819819819573e+00 1.000000000000000000e+00
1.970420420420420093e+00 1.000000000000000000e+00
1.971021021021020836e+00 1.000000000000000000e+00
1.971621621621621356e+00 1.000000000000000000e+00
1.972222222222221877e+00 1.000000000000000000e+00
1.972822822822822619e+00 1.000000000000000000e+00
1.973423423423423140e+00 1.000000000000000000e+00
1.974024024024023660e+00 1.000000000000000000e+00
1.974624624624624403e+00 1.000000000000000000e+00
1.975225225225224923e+00 1.000000000000000000e+00
1.975825825825825444e+00 1.000000000000000000e+00
1.976426426426426186e+00 1.000000000000000000e+00
1.977027027027026707e+00 1.000000000000000000e+00
1.977627627627627449e+00 1.000000000000000000e+00
1.978228228228227970e+00 1.000000000000000000e+00
1.978828828828828490e+00 1.000000000000000000e+00
1.979429429429429232e+00 1.000000000000000000e+00
1.980030030030029753e+00 1.000000000000000000e+00
1.980630630630630273e+00 1.000000000000000000e+00
1.981231231231231016e+00 1.000000000000000000e+00
1.981831831831831536e+00 1.000000000000000000e+00
1.982432432432432279e+00 1.000000000000000000e+00
1.983033033033032799e+00 1.000000000000000000e+00
1.983633633633633320e+00 1.000000000000000000e+00
1.984234234234234062e+00 1.000000000000000000e+00
1.984834834834834583e+00 1.000000000000000000e+00
1.985435435435435103e+00 1.000000000000000000e+00
1.986036036036035846e+00 1.000000000000000000e+00
1.986636636636636366e+00 1.000000000000000000e+00
1.987237237237236887e+00 1.000000000000000000e+00
1.987837837837837629e+00 1.000000000000000000e+00
1.988438438438438149e+00 1.000000000000000000e+00
1.989039039039038670e+00 1.000000000000000000e+00
1.989639639639639412e+00 1.000000000000000000e+00
1.990240240240239933e+00 1.000000000000000000e+00
1.990840840840840453e+00 1.000000000000000000e+00
1.991441441441441196e+00 1.000000000000000000e+00
1.992042042042041716e+00 1.000000000000000000e+00
1.992642642642642459e+00 1.000000000000000000e+00
1.993243243243242979e+00 1.000000000000000000e+00
1.993843843843843500e+00 1.000000000000000000e+00
1.994444444444444242e+00 1.000000000000000000e+00
1.995045045045044763e+00 1.000000000000000000e+00
1.995645645645645283e+00 1.000000000000000000e+00
1.996246246246246026e+00 1.000000000000000000e+00
1.996846846846846546e+00 1.000000000000000000e+00
1.997447447447447288e+00 1.000000000000000000e+00
1.998048048048047809e+00 1.000000000000000000e+00
1.998648648648648329e+00 1.000000000000000000e+00
1.999249249249249072e+00 1.000000000000000000e+00
1.999849849849849592e+00 1.000000000000000000e+00
2.000450450450450113e+00 1.000000000000000000e+00
2.001051051051050855e+00 1.000000000000000000e+00
2.001651651651651598e+00 1.000000000000000000e+00
2.002252252252251896e+00 1.000000000000000000e+00
2.002852852852852639e+00 1.000000000000000000e+00
2.003453453453452937e+00 1.000000000000000000e+00
2.004054054054053680e+00 1.000000000000000000e+00
2.004654654654654422e+00 1.000000000000000000e+00
2.005255255255255165e+00 1.000000000000000000e+00
2.005855855855855463e+00 1.000000000000000000e+00
2.006456456456456205e+00 1.000000000000000000e+00
2.007057057057056948e+00 1.000000000000000000e+00
2.007657657657657246e+00 1.000000000000000000e+00
2.008258258258257989e+00 1.000000000000000000e+00
2.008858858858858731e+00 1.000000000000000000e+00
2.009459459459459030e+00 1.000000000000000000e+00
2.010060060060059772e+00 1.000000000000000000e+00
2.010660660660660515e+00 1.000000000000000000e+00
2.011261261261260813e+00 1.000000000000000000e+00
2.011861861861861556e+00 1.000000000000000000e+00
2.012462462462462298e+00 1.000000000000000000e+00
2.013063063063062597e+00 1.000000000000000000e+00
2.013663663663663339e+00 1.000000000000000000e+00
2.014264264264264082e+00 1.000000000000000000e+00
2.014864864864864380e+00 1.000000000000000000e+00
2.015465465465465122e+00 1.000000000000000000e+00
2.016066066066065865e+00 1.000000000000000000e+00
2.016666666666666607e+00 1.000000000000000000e+00
2.017267267267266906e+00 1.000000000000000000e+00
2.017867867867867648e+00 1.000000000000000000e+00
2.018468468468467947e+00 1.000000000000000000e+00
2.019069069069068689e+00 1.000000000000000000e+00
2.019669669669669432e+00 1.000000000000000000e+00
2.020270270270270174e+00 1.000000000000000000e+00
2.020870870870870473e+00 1.000000000000000000e+00
2.021471471471471215e+00 1.000000000000000000e+00
2.022072072072071958e+00 1.000000000000000000e+00
2.022672672672672256e+00 1.000000000000000000e+00
2.023273273273272999e+00 1.000000000000000000e+00
2.023873873873873741e+00 1.000000000000000000e+00
2.024474474474474039e+00 1.000000000000000000e+00
2.025075075075074782e+00 1.000000000000000000e+00
2.025675675675675524e+00 1.000000000000000000e+00
2.026276276276275823e+00 1.000000000000000000e+00
2.026876876876876565e+00 1.000000000000000000e+00
2.027477477477477308e+00 1.000000000000000000e+00
2.028078078078077606e+00 1.000000000000000000e+00
2.028678678678678349e+00 1.000000000000000000e+00
2.029279279279279091e+00 1.000000000000000000e+00
2.029879879879879390e+00 1.000000000000000000e+00
2.030480480480480132e+00 1.000000000000000000e+00
2.031081081081080875e+00 1.000000000000000000e+00
2.031681681681681617e+00 1.000000000000000000e+00
2.032282282282281916e+00 1.000000000000000000e+00
2.032882882882882658e+00 1.000000000000000000e+00
2.033483483483482956e+00 1.000000000000000000e+00
2.034084084084083699e+00 1.000000000000000000e+00
2.034684684684684441e+00 1.000000000000000000e+00
2.035285285285285184e+00 1.000000000000000000e+00
2.035885885885885482e+00 1.000000000000000000e+00
2.036486486486486225e+00 1.000000000000000000e+00
2.037087087087086967e+00 1.000000000000000000e+00
2.037687687687687266e+00 1.000000000000000000e+00
2.038288288288288008e+00 1.000000000000000000e+00
2.038888888888888751e+00 1.000000000000000000e+00
2.039489489489489049e+00 1.000000000000000000e+00
2.040090090090089792e+00 1.000000000000000000e+00
2.040690690690690534e+00 1.000000000000000000e+00
2.041291291291290833e+00 1.000000000000000000e+00
2.041891891891891575e+00 1.000000000000000000e+00
2.042492492492492318e+00 1.000000000000000000e+00
2.043093093093092616e+00 1.000000000000000000e+00
2.043693693693693358e+00 1.000000000000000000e+00
2.044294294294294101e+00 1.000000000000000000e+00
2.044894894894894399e+00 1.000000000000000000e+00
2.045495495495495142e+00 1.000000000000000000e+00
2.046096096096095884e+00 1.000000000000000000e+00
2.046696696696696627e+00 1.000000000000000000e+00
2.047297297297296925e+00 1.000000000000000000e+00
2.047897897897897668e+00 1.000000000000000000e+00
2.048498498498497966e+00 1.000000000000000000e+00
2.049099099099098709e+00 1.000000000000000000e+00
2.049699699699699451e+00 1.000000000000000000e+00
2.050300300300300194e+00 1.000000000000000000e+00
2.050900900900900492e+00 1.000000000000000000e+00
2.051501501501501235e+00 1.000000000000000000e+00
2.052102102102101977e+00 1.000000000000000000e+00
2.052702702702702275e+00 1.000000000000000000e+00
2.053303303303303018e+00 1.000000000000000000e+00
2.053903903903903760e+00 1.000000000000000000e+00
2.054504504504504059e+00 1.000000000000000000e+00
2.055105105105104801e+00 1.000000000000000000e+00
2.055705705705705544e+00 1.000000000000000000e+00
2.056306306306305842e+00 1.000000000000000000e+00
2.056906906906906585e+00 1.000000000000000000e+00
2.057507507507507327e+00 1.000000000000000000e+00
2.058108108108107626e+00 1.000000000000000000e+00
2.058708708708708368e+00 1.000000000000000000e+00
2.059309309309309111e+00 1.000000000000000000e+00
2.059909909909909409e+00 1.000000000000000000e+00
2.060510510510510152e+00 1.000000000000000000e+00
2.061111111111110894e+00 1.000000000000000000e+00
2.061711711711711636e+00 1.000000000000000000e+00
2.062312312312311935e+00 1.000000000000000000e+00
2.062912912912912677e+00 1.000000000000000000e+00
2.063513513513512976e+00 1.000000000000000000e+00
2.064114114114113718e+00 1.000000000000000000e+00
2.064714714714714461e+00 1.000000000000000000e+00
2.065315315315315203e+00 1.000000000000000000e+00
2.065915915915915502e+00 1.000000000000000000e+00
2.066516516516516244e+00 1.000000000000000000e+00
2.067117117117116987e+00 1.000000000000000000e+00
2.067717717717717285e+00 1.000000000000000000e+00
2.068318318318318028e+00 1.000000000000000000e+00
2.068918918918918770e+00 1.000000000000000000e+00
2.069519519519519068e+00 1.000000000000000000e+00
2.070120120120119811e+00 1.000000000000000000e+00
2.070720720720720553e+00 1.000000000000000000e+00
2.071321321321320852e+00 1.000000000000000000e+00
2.071921921921921594e+00 1.000000000000000000e+00
2.072522522522522337e+00 1.000000000000000000e+00
2.073123123123122635e+00 1.000000000000000000e+00
2.073723723723723378e+00 1.000000000000000000e+00
2.074324324324324120e+00 1.000000000000000000e+00
2.074924924924924419e+00 1.000000000000000000e+00
2.075525525525525161e+00 1.000000000000000000e+00
2.076126126126125904e+00 1.000000000000000000e+00
2.076726726726726646e+00 1.000000000000000000e+00
2.077327327327326945e+00 1.000000000000000000e+00
2.077927927927927687e+00 1.000000000000000000e+00
2.078528528528527985e+00 1.000000000000000000e+00
2.079129129129128728e+00 1.000000000000000000e+00
2.079729729729729470e+00 1.000000000000000000e+00
2.080330330330330213e+00 1.000000000000000000e+00
2.080930930930930511e+00 1.000000000000000000e+00
2.081531531531531254e+00 1.000000000000000000e+00
2.082132132132131996e+00 1.000000000000000000e+00
2.082732732732732295e+00 1.000000000000000000e+00
2.083333333333333037e+00 1.000000000000000000e+00
2.083933933933933780e+00 1.000000000000000000e+00
2.084534534534534078e+00 1.000000000000000000e+00
2.085135135135134821e+00 1.000000000000000000e+00
2.085735735735735563e+00 1.000000000000000000e+00
2.086336336336335862e+00 1.000000000000000000e+00
2.086936936936936604e+00 1.000000000000000000e+00
2.087537537537537347e+00 1.000000000000000000e+00
2.088138138138138089e+00 1.000000000000000000e+00
2.088738738738738387e+00 1.000000000000000000e+00
2.089339339339339130e+00 1.000000000000000000e+00
2.089939939939939428e+00 1.000000000000000000e+00
2.090540540540540171e+00 1.000000000000000000e+00
2.091141141141140913e+00 1.000000000000000000e+00
2.091741741741741656e+00 1.000000000000000000e+00
2.092342342342341954e+00 1.000000000000000000e+00
2.092942942942942697e+00 1.000000000000000000e+00
2.093543543543542995e+00 1.000000000000000000e+00
2.094144144144143738e+00 1.000000000000000000e+00
2.094744744744744480e+00 1.000000000000000000e+00
2.095345345345345223e+00 1.000000000000000000e+00
2.095945945945945521e+00 1.000000000000000000e+00
2.096546546546546264e+00 1.000000000000000000e+00
2.097147147147147006e+00 1.000000000000000000e+00
2.097747747747747304e+00 1.000000000000000000e+00
2.098348348348348047e+00 1.000000000000000000e+00
2.098948948948948789e+00 1.000000000000000000e+00
2.099549549549549088e+00 1.000000000000000000e+00
2.100150150150149830e+00 1.000000000000000000e+00
2.100750750750750573e+00 1.000000000000000000e+00
2.101351351351350871e+00 1.000000000000000000e+00
2.101951951951951614e+00 1.000000000000000000e+00
2.102552552552552356e+00 1.000000000000000000e+00
2.103153153153153099e+00 1.000000000000000000e+00
2.103753753753753397e+00 1.000000000000000000e+00
2.104354354354354140e+00 1.000000000000000000e+00
2.104954954954954438e+00 1.000000000000000000e+00
2.105555555555555181e+00 1.000000000000000000e+00
2.106156156156155923e+00 1.000000000000000000e+00
2.106756756756756666e+00 1.000000000000000000e+00
2.107357357357356964e+00 1.000000000000000000e+00
2.107957957957957706e+00 1.000000000000000000e+00
2.108558558558558449e+00 1.000000000000000000e+00
2.109159159159158747e+00 1.000000000000000000e+00
2.109759759759759490e+00 1.000000000000000000e+00
2.110360360360360232e+00 1.000000000000000000e+00
2.110960960960960531e+00 1.000000000000000000e+00
2.111561561561561273e+00 1.000000000000000000e+00
2.112162162162162016e+00 1.000000000000000000e+00
2.112762762762762314e+00 1.000000000000000000e+00
2.113363363363363057e+00 1.000000000000000000e+00
2.113963963963963799e+00 1.000000000000000000e+00
2.114564564564564098e+00 1.000000000000000000e+00
2.115165165165164840e+00 1.000000000000000000e+00
2.115765765765765583e+00 1.000000000000000000e+00
2.116366366366365881e+00 1.000000000000000000e+00
2.116966966966966623e+00 1.000000000000000000e+00
2.117567567567567366e+00 1.000000000000000000e+00
2.118168168168168108e+00 1.000000000000000000e+00
2.118768768768768407e+00 1.000000000000000000e+00
2.119369369369369149e+00 1.000000000000000000e+00
2.119969969969969448e+00 1.000000000000000000e+00
2.120570570570570190e+00 1.000000000000000000e+00
2.121171171171170933e+00 1.000000000000000000e+00
2.121771771771771675e+00 1.000000000000000000e+00
2.122372372372371974e+00 1.000000000000000000e+00
2.122972972972972716e+00 1.000000000000000000e+00
2.123573573573573459e+00 1.000000000000000000e+00
2.124174174174173757e+00 1.000000000000000000e+00
2.124774774774774500e+00 1.000000000000000000e+00
2.125375375375375242e+00 1.000000000000000000e+00
2.125975975975975540e+00 1.000000000000000000e+00
2.126576576576576283e+00 1.000000000000000000e+00
2.127177177177177025e+00 1.000000000000000000e+00
2.127777777777777324e+00 1.000000000000000000e+00
2.128378378378378066e+00 1.000000000000000000e+00
2.128978978978978809e+00 1.000000000000000000e+00
2.129579579579579107e+00 1.000000000000000000e+00
2.130180180180179850e+00 1.000000000000000000e+00
2.130780780780780592e+00 1.000000000000000000e+00
2.131381381381380891e+00 1.000000000000000000e+00
2.131981981981981633e+00 1.000000000000000000e+00
2.132582582582582376e+00 1.000000000000000000e+00
2.133183183183183118e+00 1.000000000000000000e+00
2.133783783783783417e+00 1.000000000000000000e+00
2.134384384384384159e+00 1.000000000000000000e+00
2.134984984984984457e+00 1.000000000000000000e+00
2.135585585585585200e+00 1.000000000000000000e+00
2.136186186186185942e+00 1.000000000000000000e+00
2.136786786786786685e+00 1.000000000000000000e+00
2.137387387387386983e+00 1.000000000000000000e+00
2.137987987987987726e+00 1.000000000000000000e+00
2.138588588588588468e+00 1.000000000000000000e+00
2.139189189189188767e+00 1.000000000000000000e+00
2.139789789789789509e+00 1.000000000000000000e+00
2.140390390390390252e+00 1.000000000000000000e+00
2.140990990990990550e+00 1.000000000000000000e+00
2.141591591591591293e+00 1.000000000000000000e+00
2.142192192192192035e+00 1.000000000000000000e+00
2.142792792792792334e+00 1.000000000000000000e+00
2.143393393393393076e+00 1.000000000000000000e+00
2.143993993993993818e+00 1.000000000000000000e+00
2.144594594594594117e+00 1.000000000000000000e+00
2.145195195195194859e+00 1.000000000000000000e+00
2.145795795795795602e+00 1.000000000000000000e+00
2.146396396396395900e+00 1.000000000000000000e+00
2.146996996996996643e+00 1.000000000000000000e+00
2.147597597597597385e+00 1.000000000000000000e+00
2.148198198198198128e+00 1.000000000000000000e+00
2.148798798798798426e+00 1.000000000000000000e+00
2.149399399399399169e+00 1.000000000000000000e+00
2.149999999999999467e+00 1.000000000000000000e+00
2.150600600600600210e+00 1.000000000000000000e+00
2.151201201201200952e+00 1.000000000000000000e+00
2.151801801801801695e+00 1.000000000000000000e+00
2.152402402402401993e+00 1.000000000000000000e+00
2.153003003003002735e+00 1.000000000000000000e+00
2.153603603603603478e+00 1.000000000000000000e+00
2.154204204204203776e+00 1.000000000000000000e+00
2.154804804804804519e+00 1.000000000000000000e+00
2.155405405405405261e+00 1.000000000000000000e+00
2.156006006006005560e+00 1.000000000000000000e+00
2.156606606606606302e+00 1.000000000000000000e+00
2.157207207207207045e+00 1.000000000000000000e+00
2.157807807807807343e+00 1.000000000000000000e+00
2.158408408408408086e+00 1.000000000000000000e+00
2.159009009009008828e+00 1.000000000000000000e+00
2.159609609609609127e+00 1.000000000000000000e+00
2.160210210210209869e+00 1.000000000000000000e+00
2.160810810810810612e+00 1.000000000000000000e+00
2.161411411411410910e+00 1.000000000000000000e+00
2.162012012012011652e+00 1.000000000000000000e+00
2.162612612612612395e+00 1.000000000000000000e+00
2.163213213213213137e+00 1.000000000000000000e+00
2.163813813813813436e+00 1.000000000000000000e+00
2.164414414414414178e+00 1.000000000000000000e+00
2.165015015015014477e+00 1.000000000000000000e+00
2.165615615615615219e+00 1.000000000000000000e+00
2.166216216216215962e+00 1.000000000000000000e+00
2.166816816816816704e+00 1.000000000000000000e+00
2.167417417417417003e+00 1.000000000000000000e+00
2.168018018018017745e+00 1.000000000000000000e+00
2.168618618618618488e+00 1.000000000000000000e+00
2.169219219219218786e+00 1.000000000000000000e+00
2.169819819819819529e+00 1.000000000000000000e+00
2.170420420420420271e+00 1.000000000000000000e+00
2.171021021021020569e+00 1.000000000000000000e+00
2.171621621621621312e+00 1.000000000000000000e+00
2.172222222222222054e+00 1.000000000000000000e+00
2.172822822822822353e+00 1.000000000000000000e+00
2.173423423423423095e+00 1.000000000000000000e+00
2.174024024024023838e+00 1.000000000000000000e+00
2.174624624624624136e+00 1.000000000000000000e+00
2.175225225225224879e+00 1.000000000000000000e+00
2.175825825825825621e+00 1.000000000000000000e+00
2.176426426426425920e+00 1.000000000000000000e+00
2.177027027027026662e+00 1.000000000000000000e+00
2.177627627627627405e+00 1.000000000000000000e+00
2.178228228228228147e+00 1.000000000000000000e+00
2.178828828828828446e+00 1.000000000000000000e+00
2.179429429429429188e+00 1.000000000000000000e+00
2.180030030030029486e+00 1.000000000000000000e+00
2.180630630630630229e+00 1.000000000000000000e+00
2.181231231231230971e+00 1.000000000000000000e+00
2.181831831831831714e+00 1.000000000000000000e+00
2.182432432432432012e+00 1.000000000000000000e+00
2.183033033033032755e+00 1.000000000000000000e+00
2.183633633633633497e+00 1.000000000000000000e+00
2.184234234234233796e+00 1.000000000000000000e+00
2.184834834834834538e+00 1.000000000000000000e+00
2.185435435435435281e+00 1.000000000000000000e+00
2.186036036036035579e+00 1.000000000000000000e+00
2.186636636636636322e+00 1.000000000000000000e+00
2.187237237237237064e+00 1.000000000000000000e+00
2.187837837837837363e+00 1.000000000000000000e+00
2.188438438438438105e+00 1.000000000000000000e+00
2.189039039039038848e+00 1.000000000000000000e+00
2.189639639639639146e+00 1.000000000000000000e+00
2.190240240240239888e+00 1.000000000000000000e+00
2.190840840840840631e+00 1.000000000000000000e+00
2.191441441441440929e+00 1.000000000000000000e+00
2.192042042042041672e+00 1.000000000000000000e+00
2.192642642642642414e+00 1.000000000000000000e+00
2.193243243243243157e+00 1.000000000000000000e+00
2.193843843843843455e+00 1.000000000000000000e+00
2.194444444444444198e+00 1.000000000000000000e+00
2.195045045045044496e+00 1.000000000000000000e+00
2.195645645645645239e+00 1.000000000000000000e+00
2.196246246246245981e+00 1.000000000000000000e+00
2.196846846846846724e+00 1.000000000000000000e+00
2.197447447447447022e+00 1.000000000000000000e+00
2.198048048048047765e+00 1.000000000000000000e+00
2.198648648648648507e+00 1.000000000000000000e+00
2.199249249249248805e+00 1.000000000000000000e+00
2.199849849849849548e+00 1.000000000000000000e+00
2.200450450450450290e+00 0.000000000000000000e+00
2.201051051051050589e+00 0.000000000000000000e+00
2.201651651651651331e+00 0.000000000000000000e+00
2.202252252252252074e+00 0.000000000000000000e+00
2.202852852852852372e+00 0.000000000000000000e+00
2.203453453453453115e+00 0.000000000000000000e+00
2.204054054054053857e+00 0.000000000000000000e+00
2.204654654654654156e+00 0.000000000000000000e+00
2.205255255255254898e+00 0.000000000000000000e+00
2.205855855855855641e+00 0.000000000000000000e+00
2.206456456456455939e+00 0.000000000000000000e+00
2.207057057057056682e+00 0.000000000000000000e+00
2.207657657657657424e+00 0.000000000000000000e+00
2.208258258258258167e+00 0.000000000000000000e+00
2.208858858858858465e+00 0.000000000000000000e+00
2.209459459459459207e+00 0.000000000000000000e+00
2.210060060060059506e+00 0.000000000000000000e+00
2.210660660660660248e+00 0.000000000000000000e+00
2.211261261261260991e+00 0.000000000000000000e+00
2.211861861861861733e+00 0.000000000000000000e+00
2.212462462462462032e+00 0.000000000000000000e+00
2.213063063063062774e+00 0.000000000000000000e+00
2.213663663663663517e+00 0.000000000000000000e+00
2.214264264264263815e+00 0.000000000000000000e+00
2.214864864864864558e+00 0.000000000000000000e+00
2.215465465465465300e+00 0.000000000000000000e+00
2.216066066066065599e+00 0.000000000000000000e+00
2.216666666666666341e+00 0.000000000000000000e+00
2.217267267267267083e+00 0.000000000000000000e+00
2.217867867867867382e+00 0.000000000000000000e+00
2.218468468468468124e+00 0.000000000000000000e+00
2.219069069069068867e+00 0.000000000000000000e+00
2.219669669669669165e+00 0.000000000000000000e+00
2.220270270270269908e+00 0.000000000000000000e+00
2.220870870870870650e+00 0.000000000000000000e+00
2.221471471471470949e+00 0.000000000000000000e+00
2.222072072072071691e+00 0.000000000000000000e+00
2.222672672672672434e+00 0.000000000000000000e+00
2.223273273273273176e+00 0.000000000000000000e+00
2.223873873873873475e+00 0.000000000000000000e+00
2.224474474474474217e+00 0.000000000000000000e+00
2.225075075075074515e+00 0.000000000000000000e+00
2.225675675675675258e+00 0.000000000000000000e+00
2.226276276276276000e+00 0.000000000000000000e+00
2.226876876876876743e+00 0.000000000000000000e+00
2.227477477477477041e+00 0.000000000000000000e+00
2.228078078078077784e+00 0.000000000000000000e+00
2.228678678678678526e+00 0.000000000000000000e+00
2.229279279279278825e+00 0.000000000000000000e+00
2.229879879879879567e+00 0.000000000000000000e+00
2.230480480480480310e+00 0.000000000000000000e+00
2.231081081081080608e+00 0.000000000000000000e+00
2.231681681681681351e+00 0.000000000000000000e+00
2.232282282282282093e+00 0.000000000000000000e+00
2.232882882882882392e+00 0.000000000000000000e+00
2.233483483483483134e+00 0.000000000000000000e+00
2.234084084084083877e+00 0.000000000000000000e+00
2.234684684684684175e+00 0.000000000000000000e+00
2.235285285285284917e+00 0.000000000000000000e+00
2.235885885885885660e+00 0.000000000000000000e+00
2.236486486486485958e+00 0.000000000000000000e+00
2.237087087087086701e+00 0.000000000000000000e+00
2.237687687687687443e+00 0.000000000000000000e+00
2.238288288288288186e+00 0.000000000000000000e+00
2.238888888888888484e+00 0.000000000000000000e+00
2.239489489489489227e+00 0.000000000000000000e+00
2.240090090090089525e+00 0.000000000000000000e+00
2.240690690690690268e+00 0.000000000000000000e+00
2.241291291291291010e+00 0.000000000000000000e+00
2.241891891891891753e+00 0.000000000000000000e+00
2.242492492492492051e+00 0.000000000000000000e+00
2.243093093093092794e+00 0.000000000000000000e+00
2.243693693693693536e+00 0.000000000000000000e+00
2.244294294294293834e+00 0.000000000000000000e+00
2.244894894894894577e+00 0.000000000000000000e+00
2.245495495495495319e+00 0.000000000000000000e+00
2.246096096096095618e+00 0.000000000000000000e+00
2.246696696696696360e+00 0.000000000000000000e+00
2.247297297297297103e+00 0.000000000000000000e+00
2.247897897897897401e+00 0.000000000000000000e+00
2.248498498498498144e+00 0.000000000000000000e+00
2.249099099099098886e+00 0.000000000000000000e+00
2.249699699699699185e+00 0.000000000000000000e+00
2.250300300300299927e+00 0.000000000000000000e+00
2.250900900900900670e+00 0.000000000000000000e+00
2.251501501501500968e+00 0.000000000000000000e+00
2.252102102102101711e+00 0.000000000000000000e+00
2.252702702702702453e+00 0.000000000000000000e+00
2.253303303303303196e+00 0.000000000000000000e+00
2.253903903903903494e+00 0.000000000000000000e+00
2.254504504504504236e+00 0.000000000000000000e+00
2.255105105105104535e+00 0.000000000000000000e+00
2.255705705705705277e+00 0.000000000000000000e+00
2.256306306306306020e+00 0.000000000000000000e+00
2.256906906906906762e+00 0.000000000000000000e+00
2.257507507507507061e+00 0.000000000000000000e+00
2.258108108108107803e+00 0.000000000000000000e+00
2.258708708708708102e+00 0.000000000000000000e+00
2.259309309309308844e+00 0.000000000000000000e+00
2.259909909909909587e+00 0.000000000000000000e+00
2.260510510510510329e+00 0.000000000000000000e+00
2.261111111111110628e+00 0.000000000000000000e+00
2.261711711711711370e+00 0.000000000000000000e+00
2.262312312312312113e+00 0.000000000000000000e+00
2.262912912912912411e+00 0.000000000000000000e+00
2.263513513513513153e+00 0.000000000000000000e+00
2.264114114114113896e+00 0.000000000000000000e+00
2.264714714714714638e+00 0.000000000000000000e+00
2.265315315315314937e+00 0.000000000000000000e+00
2.265915915915915679e+00 0.000000000000000000e+00
2.266516516516515978e+00 0.000000000000000000e+00
2.267117117117116720e+00 0.000000000000000000e+00
2.267717717717717463e+00 0.000000000000000000e+00
2.268318318318318205e+00 0.000000000000000000e+00
2.268918918918918504e+00 0.000000000000000000e+00
2.269519519519519246e+00 0.000000000000000000e+00
2.270120120120119545e+00 0.000000000000000000e+00
2.270720720720720287e+00 0.000000000000000000e+00
2.271321321321321030e+00 0.000000000000000000e+00
2.271921921921921772e+00 0.000000000000000000e+00
2.272522522522522070e+00 0.000000000000000000e+00
2.273123123123122813e+00 0.000000000000000000e+00
2.273723723723723111e+00 0.000000000000000000e+00
2.274324324324323854e+00 0.000000000000000000e+00
2.274924924924924596e+00 0.000000000000000000e+00
2.275525525525525339e+00 0.000000000000000000e+00
2.276126126126125637e+00 0.000000000000000000e+00
2.276726726726726380e+00 0.000000000000000000e+00
2.277327327327327122e+00 0.000000000000000000e+00
2.277927927927927421e+00 0.000000000000000000e+00
2.278528528528528163e+00 0.000000000000000000e+00
2.279129129129128906e+00 0.000000000000000000e+00
2.279729729729729648e+00 0.000000000000000000e+00
2.280330330330329947e+00 0.000000000000000000e+00
2.280930930930930689e+00 0.000000000000000000e+00
2.281531531531530987e+00 0.000000000000000000e+00
2.282132132132131730e+00 0.000000000000000000e+00
2.282732732732732472e+00 0.000000000000000000e+00
2.283333333333333215e+00 0.000000000000000000e+00
2.283933933933933513e+00 0.000000000000000000e+00
2.284534534534534256e+00 0.000000000000000000e+00
2.285135135135134554e+00 0.000000000000000000e+00
2.285735735735735297e+00 0.000000000000000000e+00
2.286336336336336039e+00 0.000000000000000000e+00
2.286936936936936782e+00 0.000000000000000000e+00
2.287537537537537080e+00 0.000000000000000000e+00
2.288138138138137823e+00 0.000000000000000000e+00
2.288738738738738121e+00 0.000000000000000000e+00
2.289339339339338864e+00 0.000000000000000000e+00
2.289939939939939606e+00 0.000000000000000000e+00
2.290540540540540349e+00 0.000000000000000000e+00
2.291141141141140647e+00 0.000000000000000000e+00
2.291741741741741389e+00 0.000000000000000000e+00
2.292342342342342132e+00 0.000000000000000000e+00
2.292942942942942430e+00 0.000000000000000000e+00
2.293543543543543173e+00 0.000000000000000000e+00
2.294144144144143915e+00 0.000000000000000000e+00
2.294744744744744658e+00 0.000000000000000000e+00
2.295345345345344956e+00 0.000000000000000000e+00
2.295945945945945699e+00 0.000000000000000000e+00
2.296546546546545997e+00 0.000000000000000000e+00
2.297147147147146740e+00 0.000000000000000000e+00
2.297747747747747482e+00 0.000000000000000000e+00
2.298348348348348225e+00 0.000000000000000000e+00
2.298948948948948523e+00 0.000000000000000000e+00
2.299549549549549265e+00 0.000000000000000000e+00
2.300150150150149564e+00 0.000000000000000000e+00
2.300750750750750306e+00 0.000000000000000000e+00
2.301351351351351049e+00 0.000000000000000000e+00
2.301951951951951791e+00 0.000000000000000000e+00
2.302552552552552090e+00 0.000000000000000000e+00
2.303153153153152832e+00 0.000000000000000000e+00
2.303753753753753131e+00 0.000000000000000000e+00
2.304354354354353873e+00 0.000000000000000000e+00
2.304954954954954616e+00 0.000000000000000000e+00
2.305555555555555358e+00 0.000000000000000000e+00
2.306156156156155657e+00 0.000000000000000000e+00
2.306756756756756399e+00 0.000000000000000000e+00
2.307357357357357142e+00 0.000000000000000000e+00
2.307957957957957440e+00 0.000000000000000000e+00
2.308558558558558182e+00 0.000000000000000000e+00
2.309159159159158925e+00 0.000000000000000000e+00
2.309759759759759667e+00 0.000000000000000000e+00
2.310360360360359966e+00 0.000000000000000000e+00
2.310960960960960708e+00 0.000000000000000000e+00
2.311561561561561007e+00 0.000000000000000000e+00
2.312162162162161749e+00 0.000000000000000000e+00
2.312762762762762492e+00 0.000000000000000000e+00
2.313363363363363234e+00 0.000000000000000000e+00
2.313963963963963533e+00 0.000000000000000000e+00
2.314564564564564275e+00 0.000000000000000000e+00
2.315165165165164574e+00 0.000000000000000000e+00
2.315765765765765316e+00 0.000000000000000000e+00
2.316366366366366059e+00 0.000000000000000000e+00
2.316966966966966801e+00 0.000000000000000000e+00
2.317567567567567099e+00 0.000000000000000000e+00
2.318168168168167842e+00 0.000000000000000000e+00
2.318768768768768584e+00 0.000000000000000000e+00
2.319369369369368883e+00 0.000000000000000000e+00
2.319969969969969625e+00 0.000000000000000000e+00
2.320570570570570368e+00 0.000000000000000000e+00
2.321171171171170666e+00 0.000000000000000000e+00
2.321771771771771409e+00 0.000000000000000000e+00
2.322372372372372151e+00 0.000000000000000000e+00
2.322972972972972450e+00 0.000000000000000000e+00
2.323573573573573192e+00 0.000000000000000000e+00
2.324174174174173935e+00 0.000000000000000000e+00
2.324774774774774677e+00 0.000000000000000000e+00
2.325375375375374976e+00 0.000000000000000000e+00
2.325975975975975718e+00 0.000000000000000000e+00
2.326576576576576016e+00 0.000000000000000000e+00
2.327177177177176759e+00 0.000000000000000000e+00
2.327777777777777501e+00 0.000000000000000000e+00
2.328378378378378244e+00 0.000000000000000000e+00
2.328978978978978542e+00 0.000000000000000000e+00
2.329579579579579285e+00 0.000000000000000000e+00
2.330180180180179583e+00 0.000000000000000000e+00
2.330780780780780326e+00 0.000000000000000000e+00
2.331381381381381068e+00 0.000000000000000000e+00
2.331981981981981811e+00 0.000000000000000000e+00
2.332582582582582109e+00 0.000000000000000000e+00
2.333183183183182852e+00 0.000000000000000000e+00
2.333783783783783594e+00 0.000000000000000000e+00
2.334384384384383893e+00 0.000000000000000000e+00
2.334984984984984635e+00 0.000000000000000000e+00
2.335585585585585378e+00 0.000000000000000000e+00
2.336186186186185676e+00 0.000000000000000000e+00
2.336786786786786418e+00 0.000000000000000000e+00
2.337387387387387161e+00 0.000000000000000000e+00
2.337987987987987459e+00 0.000000000000000000e+00
2.338588588588588202e+00 0.000000000000000000e+00
2.339189189189188944e+00 0.000000000000000000e+00
2.339789789789789687e+00 0.000000000000000000e+00
2.340390390390389985e+00 0.000000000000000000e+00
2.340990990990990728e+00 0.000000000000000000e+00
2.341591591591591026e+00 0.000000000000000000e+00
2.342192192192191769e+00 0.000000000000000000e+00
2.342792792792792511e+00 0.000000000000000000e+00
2.343393393393393254e+00 0.000000000000000000e+00
2.343993993993993552e+00 0.000000000000000000e+00
2.344594594594594295e+00 0.000000000000000000e+00
2.345195195195194593e+00 0.000000000000000000e+00
2.345795795795795335e+00 0.000000000000000000e+00
2.346396396396396078e+00 0.000000000000000000e+00
2.346996996996996820e+00 0.000000000000000000e+00
2.347597597597597119e+00 0.000000000000000000e+00
2.348198198198197861e+00 0.000000000000000000e+00
2.348798798798798604e+00 0.000000000000000000e+00
2.349399399399398902e+00 0.000000000000000000e+00
2.349999999999999645e+00 0.000000000000000000e+00
