1.449999999999999956e+00 0.000000000000000000e+00
1.450600600600600476e+00 0.000000000000000000e+00
1.451201201201201219e+00 0.000000000000000000e+00
1.451801801801801739e+00 0.000000000000000000e+00
1.452402402402402259e+00 0.000000000000000000e+00
1.453003003003003002e+00 0.000000000000000000e+00
1.453603603603603522e+00 0.000000000000000000e+00
1.454204204204204265e+00 0.000000000000000000e+00
1.454804804804804785e+00 0.000000000000000000e+00
1.455405405405405306e+00 0.000000000000000000e+00
1.456006006006006048e+00 0.000000000000000000e+00
1.456606606606606569e+00 0.000000000000000000e+00
1.457207207207207089e+00 0.000000000000000000e+00
1.457807807807807832e+00 0.000000000000000000e+00
1.458408408408408352e+00 0.000000000000000000e+00
1.459009009009008873e+00 0.000000000000000000e+00
1.459609609609609615e+00 0.000000000000000000e+00
1.460210210210210136e+00 0.000000000000000000e+00
1.460810810810810656e+00 0.000000000000000000e+00
1.461411411411411398e+00 0.000000000000000000e+00
1.462012012012011919e+00 0.000000000000000000e+00
1.462612612612612661e+00 0.000000000000000000e+00
1.463213213213213182e+00 0.000000000000000000e+00
1.463813813813813702e+00 0.000000000000000000e+00
1.464414414414414445e+00 0.000000000000000000e+00
1.465015015015014965e+00 0.000000000000000000e+00
1.465615615615615486e+00 0.000000000000000000e+00
1.466216216216216228e+00 0.000000000000000000e+00
1.466816816816816749e+00 0.000000000000000000e+00
1.467417417417417269e+00 0.000000000000000000e+00
1.468018018018018012e+00 0.000000000000000000e+00
1.468618618618618532e+00 0.000000000000000000e+00
1.469219219219219275e+00 0.000000000000000000e+00
1.469819819819819795e+00 0.000000000000000000e+00
1.470420420420420315e+00 0.000000000000000000e+00
1.471021021021021058e+00 0.000000000000000000e+00
1.471621621621621578e+00 0.000000000000000000e+00
1.472222222222222099e+00 0.000000000000000000e+00
1.472822822822822841e+00 0.000000000000000000e+00
1.473423423423423362e+00 0.000000000000000000e+00
1.474024024024023882e+00 0.000000000000000000e+00
1.474624624624624625e+00 0.000000000000000000e+00
1.475225225225225145e+00 0.000000000000000000e+00
1.475825825825825888e+00 0.000000000000000000e+00
1.476426426426426408e+00 0.000000000000000000e+00
1.477027027027026929e+00 0.000000000000000000e+00
1.477627627627627671e+00 0.000000000000000000e+00
1.478228228228228192e+00 0.000000000000000000e+00
1.478828828828828712e+00 0.000000000000000000e+00
1.479429429429429455e+00 0.000000000000000000e+00
1.480030030030029975e+00 0.000000000000000000e+00
1.480630630630630495e+00 0.000000000000000000e+00
1.481231231231231238e+00 0.000000000000000000e+00
1.481831831831831758e+00 0.000000000000000000e+00
1.482432432432432279e+00 0.000000000000000000e+00
1.483033033033033021e+00 0.000000000000000000e+00
1.483633633633633542e+00 0.000000000000000000e+00
1.484234234234234284e+00 0.000000000000000000e+00
1.484834834834834805e+00 0.000000000000000000e+00
1.485435435435435325e+00 0.000000000000000000e+00
1.486036036036036068e+00 0.000000000000000000e+00
1.486636636636636588e+00 0.000000000000000000e+00
1.487237237237237109e+00 0.000000000000000000e+00
1.487837837837837851e+00 0.000000000000000000e+00
1.488438438438438371e+00 0.000000000000000000e+00
1.489039039039038892e+00 0.000000000000000000e+00
1.489639639639639634e+00 0.000000000000000000e+00
1.490240240240240155e+00 0.000000000000000000e+00
1.490840840840840897e+00 0.000000000000000000e+00
1.491441441441441418e+00 0.000000000000000000e+00
1.492042042042041938e+00 0.000000000000000000e+00
1.492642642642642681e+00 0.000000000000000000e+00
1.493243243243243201e+00 0.000000000000000000e+00
1.493843843843843722e+00 0.000000000000000000e+00
1.494444444444444464e+00 0.000000000000000000e+00
1.495045045045044985e+00 0.000000000000000000e+00
1.495645645645645505e+00 0.000000000000000000e+00
1.496246246246246248e+00 0.000000000000000000e+00
1.496846846846846768e+00 0.000000000000000000e+00
1.497447447447447288e+00 0.000000000000000000e+00
1.498048048048048031e+00 0.000000000000000000e+00
1.498648648648648551e+00 0.000000000000000000e+00
1.499249249249249294e+00 0.000000000000000000e+00
1.499849849849849814e+00 0.000000000000000000e+00
1.500450450450450335e+00 0.000000000000000000e+00
1.501051051051051077e+00 0.000000000000000000e+00
1.501651651651651598e+00 0.000000000000000000e+00
1.502252252252252118e+00 0.000000000000000000e+00
1.502852852852852861e+00 0.000000000000000000e+00
1.503453453453453381e+00 0.000000000000000000e+00
1.504054054054053902e+00 0.000000000000000000e+00
1.504654654654654644e+00 0.000000000000000000e+00
1.505255255255255165e+00 0.000000000000000000e+00
1.505855855855855907e+00 0.000000000000000000e+00
1.506456456456456428e+00 0.000000000000000000e+00
1.507057057057056948e+00 0.000000000000000000e+00
1.507657657657657690e+00 0.000000000000000000e+00
1.508258258258258211e+00 0.000000000000000000e+00
1.508858858858858731e+00 0.000000000000000000e+00
1.509459459459459474e+00 0.000000000000000000e+00
1.510060060060059994e+00 0.000000000000000000e+00
1.510660660660660515e+00 0.000000000000000000e+00
1.511261261261261257e+00 0.000000000000000000e+00
1.511861861861861778e+00 0.000000000000000000e+00
1.512462462462462298e+00 0.000000000000000000e+00
1.513063063063063041e+00 0.000000000000000000e+00
1.513663663663663561e+00 0.000000000000000000e+00
1.514264264264264304e+00 0.000000000000000000e+00
1.514864864864864824e+00 0.000000000000000000e+00
1.515465465465465345e+00 0.000000000000000000e+00
1.516066066066066087e+00 0.000000000000000000e+00
1.516666666666666607e+00 0.000000000000000000e+00
1.517267267267267128e+00 0.000000000000000000e+00
1.517867867867867870e+00 0.000000000000000000e+00
1.518468468468468391e+00 0.000000000000000000e+00
1.519069069069068911e+00 0.000000000000000000e+00
1.519669669669669654e+00 0.000000000000000000e+00
1.520270270270270174e+00 0.000000000000000000e+00
1.520870870870870917e+00 0.000000000000000000e+00
1.521471471471471437e+00 0.000000000000000000e+00
1.522072072072071958e+00 0.000000000000000000e+00
1.522672672672672700e+00 0.000000000000000000e+00
1.523273273273273221e+00 0.000000000000000000e+00
1.523873873873873741e+00 0.000000000000000000e+00
1.524474474474474484e+00 0.000000000000000000e+00
1.525075075075075004e+00 0.000000000000000000e+00
1.525675675675675524e+00 0.000000000000000000e+00
1.526276276276276267e+00 0.000000000000000000e+00
1.526876876876876787e+00 0.000000000000000000e+00
1.527477477477477308e+00 0.000000000000000000e+00
1.528078078078078050e+00 0.000000000000000000e+00
1.528678678678678571e+00 0.000000000000000000e+00
1.529279279279279313e+00 0.000000000000000000e+00
1.529879879879879834e+00 0.000000000000000000e+00
1.530480480480480354e+00 0.000000000000000000e+00
1.531081081081081097e+00 0.000000000000000000e+00
1.531681681681681617e+00 0.000000000000000000e+00
1.532282282282282138e+00 0.000000000000000000e+00
1.532882882882882880e+00 0.000000000000000000e+00
1.533483483483483401e+00 0.000000000000000000e+00
1.534084084084083921e+00 0.000000000000000000e+00
1.534684684684684663e+00 0.000000000000000000e+00
1.535285285285285184e+00 0.000000000000000000e+00
1.535885885885885926e+00 0.000000000000000000e+00
1.536486486486486447e+00 0.000000000000000000e+00
1.537087087087086967e+00 0.000000000000000000e+00
1.537687687687687710e+00 0.000000000000000000e+00
1.538288288288288230e+00 0.000000000000000000e+00
1.538888888888888751e+00 0.000000000000000000e+00
1.539489489489489493e+00 0.000000000000000000e+00
1.540090090090090014e+00 0.000000000000000000e+00
1.540690690690690534e+00 0.000000000000000000e+00
1.541291291291291277e+00 0.000000000000000000e+00
1.541891891891891797e+00 0.000000000000000000e+00
1.542492492492492318e+00 0.000000000000000000e+00
1.543093093093093060e+00 0.000000000000000000e+00
1.543693693693693580e+00 0.000000000000000000e+00
1.544294294294294323e+00 0.000000000000000000e+00
1.544894894894894843e+00 0.000000000000000000e+00
1.545495495495495364e+00 0.000000000000000000e+00
1.546096096096096106e+00 0.000000000000000000e+00
1.546696696696696627e+00 0.000000000000000000e+00
1.547297297297297147e+00 0.000000000000000000e+00
1.547897897897897890e+00 0.000000000000000000e+00
1.548498498498498410e+00 0.000000000000000000e+00
1.549099099099098931e+00 0.000000000000000000e+00
1.549699699699699673e+00 0.000000000000000000e+00
1.550300300300300194e+00 0.000000000000000000e+00
1.550900900900900936e+00 0.000000000000000000e+00
1.551501501501501457e+00 0.000000000000000000e+00
1.552102102102101977e+00 0.000000000000000000e+00
1.552702702702702720e+00 0.000000000000000000e+00
1.553303303303303240e+00 0.000000000000000000e+00
1.553903903903903760e+00 0.000000000000000000e+00
1.554504504504504503e+00 0.000000000000000000e+00
1.555105105105105023e+00 0.000000000000000000e+00
1.555705705705705544e+00 0.000000000000000000e+00
1.556306306306306286e+00 0.000000000000000000e+00
1.556906906906906807e+00 0.000000000000000000e+00
1.557507507507507327e+00 0.000000000000000000e+00
1.558108108108108070e+00 0.000000000000000000e+00
1.558708708708708590e+00 0.000000000000000000e+00
1.559309309309309333e+00 0.000000000000000000e+00
1.559909909909909853e+00 0.000000000000000000e+00
1.560510510510510374e+00 0.000000000000000000e+00
1.561111111111111116e+00 0.000000000000000000e+00
1.561711711711711636e+00 0.000000000000000000e+00
1.562312312312312157e+00 0.000000000000000000e+00
1.562912912912912899e+00 0.000000000000000000e+00
1.563513513513513420e+00 0.000000000000000000e+00
1.564114114114113940e+00 0.000000000000000000e+00
1.564714714714714683e+00 0.000000000000000000e+00
1.565315315315315203e+00 0.000000000000000000e+00
1.565915915915915946e+00 0.000000000000000000e+00
1.566516516516516466e+00 0.000000000000000000e+00
1.567117117117116987e+00 0.000000000000000000e+00
1.567717717717717729e+00 0.000000000000000000e+00
1.568318318318318250e+00 0.000000000000000000e+00
1.568918918918918770e+00 0.000000000000000000e+00
1.569519519519519513e+00 0.000000000000000000e+00
1.570120120120120033e+00 0.000000000000000000e+00
1.570720720720720553e+00 0.000000000000000000e+00
1.571321321321321296e+00 0.000000000000000000e+00
1.571921921921921816e+00 0.000000000000000000e+00
1.572522522522522337e+00 0.000000000000000000e+00
1.573123123123123079e+00 0.000000000000000000e+00
1.573723723723723600e+00 0.000000000000000000e+00
1.574324324324324342e+00 0.000000000000000000e+00
1.574924924924924863e+00 0.000000000000000000e+00
1.575525525525525383e+00 0.000000000000000000e+00
1.576126126126126126e+00 0.000000000000000000e+00
1.576726726726726646e+00 0.000000000000000000e+00
1.577327327327327167e+00 0.000000000000000000e+00
1.577927927927927909e+00 0.000000000000000000e+00
1.578528528528528430e+00 0.000000000000000000e+00
1.579129129129129172e+00 0.000000000000000000e+00
1.579729729729729693e+00 0.000000000000000000e+00
1.580330330330330213e+00 0.000000000000000000e+00
1.580930930930930955e+00 0.000000000000000000e+00
1.581531531531531476e+00 0.000000000000000000e+00
1.582132132132131996e+00 0.000000000000000000e+00
1.582732732732732739e+00 0.000000000000000000e+00
1.583333333333333259e+00 0.000000000000000000e+00
1.583933933933933780e+00 0.000000000000000000e+00
1.584534534534534522e+00 0.000000000000000000e+00
1.585135135135135043e+00 0.000000000000000000e+00
1.585735735735735563e+00 0.000000000000000000e+00
1.586336336336336306e+00 0.000000000000000000e+00
1.586936936936936826e+00 0.000000000000000000e+00
1.587537537537537347e+00 0.000000000000000000e+00
1.588138138138138089e+00 0.000000000000000000e+00
1.588738738738738610e+00 0.000000000000000000e+00
1.589339339339339352e+00 0.000000000000000000e+00
1.589939939939939872e+00 0.000000000000000000e+00
1.590540540540540393e+00 0.000000000000000000e+00
1.591141141141141135e+00 0.000000000000000000e+00
1.591741741741741656e+00 0.000000000000000000e+00
1.592342342342342176e+00 0.000000000000000000e+00
1.592942942942942919e+00 0.000000000000000000e+00
1.593543543543543439e+00 0.000000000000000000e+00
1.594144144144144182e+00 0.000000000000000000e+00
1.594744744744744702e+00 0.000000000000000000e+00
1.595345345345345223e+00 0.000000000000000000e+00
1.595945945945945965e+00 0.000000000000000000e+00
1.596546546546546486e+00 0.000000000000000000e+00
1.597147147147147006e+00 0.000000000000000000e+00
1.597747747747747749e+00 0.000000000000000000e+00
1.598348348348348269e+00 0.000000000000000000e+00
1.598948948948948789e+00 0.000000000000000000e+00
1.599549549549549532e+00 0.000000000000000000e+00
1.600150150150150052e+00 1.000000000000000000e+00
1.600750750750750573e+00 1.000000000000000000e+00
1.601351351351351315e+00 1.000000000000000000e+00
1.601951951951951836e+00 1.000000000000000000e+00
1.602552552552552356e+00 1.000000000000000000e+00
1.603153153153153099e+00 1.000000000000000000e+00
1.603753753753753619e+00 1.000000000000000000e+00
1.604354354354354362e+00 1.000000000000000000e+00
1.604954954954954882e+00 1.000000000000000000e+00
1.605555555555555403e+00 1.000000000000000000e+00
1.606156156156156145e+00 1.000000000000000000e+00
1.606756756756756666e+00 1.000000000000000000e+00
1.607357357357357186e+00 1.000000000000000000e+00
1.607957957957957928e+00 1.000000000000000000e+00
1.608558558558558449e+00 1.000000000000000000e+00
1.609159159159159191e+00 1.000000000000000000e+00
1.609759759759759712e+00 1.000000000000000000e+00
1.610360360360360232e+00 1.000000000000000000e+00
1.610960960960960975e+00 1.000000000000000000e+00
1.611561561561561495e+00 1.000000000000000000e+00
1.612162162162162016e+00 1.000000000000000000e+00
1.612762762762762758e+00 1.000000000000000000e+00
1.613363363363363279e+00 1.000000000000000000e+00
1.613963963963963799e+00 1.000000000000000000e+00
1.614564564564564542e+00 1.000000000000000000e+00
1.615165165165165062e+00 1.000000000000000000e+00
1.615765765765765583e+00 1.000000000000000000e+00
1.616366366366366325e+00 1.000000000000000000e+00
1.616966966966966845e+00 1.000000000000000000e+00
1.617567567567567366e+00 1.000000000000000000e+00
1.618168168168168108e+00 1.000000000000000000e+00
1.618768768768768629e+00 1.000000000000000000e+00
1.619369369369369371e+00 1.000000000000000000e+00
1.619969969969969892e+00 1.000000000000000000e+00
1.620570570570570412e+00 1.000000000000000000e+00
1.621171171171171155e+00 1.000000000000000000e+00
1.621771771771771675e+00 1.000000000000000000e+00
1.622372372372372196e+00 1.000000000000000000e+00
1.622972972972972938e+00 1.000000000000000000e+00
1.623573573573573459e+00 1.000000000000000000e+00
1.624174174174174201e+00 1.000000000000000000e+00
1.624774774774774722e+00 1.000000000000000000e+00
1.625375375375375242e+00 1.000000000000000000e+00
1.625975975975975985e+00 1.000000000000000000e+00
1.626576576576576505e+00 1.000000000000000000e+00
1.627177177177177025e+00 1.000000000000000000e+00
1.627777777777777768e+00 1.000000000000000000e+00
1.628378378378378288e+00 1.000000000000000000e+00
1.628978978978978809e+00 1.000000000000000000e+00
1.629579579579579551e+00 1.000000000000000000e+00
1.630180180180180072e+00 1.000000000000000000e+00
1.630780780780780592e+00 1.000000000000000000e+00
1.631381381381381335e+00 1.000000000000000000e+00
1.631981981981981855e+00 1.000000000000000000e+00
1.632582582582582376e+00 1.000000000000000000e+00
1.633183183183183118e+00 1.000000000000000000e+00
1.633783783783783639e+00 1.000000000000000000e+00
1.634384384384384381e+00 1.000000000000000000e+00
1.634984984984984902e+00 1.000000000000000000e+00
1.635585585585585422e+00 1.000000000000000000e+00
1.636186186186186164e+00 1.000000000000000000e+00
1.636786786786786685e+00 1.000000000000000000e+00
1.637387387387387205e+00 1.000000000000000000e+00
1.637987987987987948e+00 1.000000000000000000e+00
1.638588588588588468e+00 1.000000000000000000e+00
1.639189189189189211e+00 1.000000000000000000e+00
1.639789789789789731e+00 1.000000000000000000e+00
1.640390390390390252e+00 1.000000000000000000e+00
1.640990990990990994e+00 1.000000000000000000e+00
1.641591591591591515e+00 1.000000000000000000e+00
1.642192192192192035e+00 1.000000000000000000e+00
1.642792792792792778e+00 1.000000000000000000e+00
1.643393393393393298e+00 1.000000000000000000e+00
1.643993993993993818e+00 1.000000000000000000e+00
1.644594594594594561e+00 1.000000000000000000e+00
1.645195195195195081e+00 1.000000000000000000e+00
1.645795795795795602e+00 1.000000000000000000e+00
1.646396396396396344e+00 1.000000000000000000e+00
1.646996996996996865e+00 1.000000000000000000e+00
1.647597597597597385e+00 1.000000000000000000e+00
1.648198198198198128e+00 1.000000000000000000e+00
1.648798798798798648e+00 1.000000000000000000e+00
1.649399399399399391e+00 1.000000000000000000e+00
1.649999999999999911e+00 1.000000000000000000e+00
1.650600600600600432e+00 1.000000000000000000e+00
1.651201201201201174e+00 1.000000000000000000e+00
1.651801801801801695e+00 1.000000000000000000e+00
1.652402402402402437e+00 1.000000000000000000e+00
1.653003003003002958e+00 1.000000000000000000e+00
1.653603603603603478e+00 1.000000000000000000e+00
1.654204204204204220e+00 1.000000000000000000e+00
1.654804804804804741e+00 1.000000000000000000e+00
1.655405405405405261e+00 1.000000000000000000e+00
1.656006006006006004e+00 1.000000000000000000e+00
1.656606606606606524e+00 1.000000000000000000e+00
1.657207207207207045e+00 1.000000000000000000e+00
1.657807807807807787e+00 1.000000000000000000e+00
1.658408408408408308e+00 1.000000000000000000e+00
1.659009009009008828e+00 1.000000000000000000e+00
1.659609609609609571e+00 1.000000000000000000e+00
1.660210210210210091e+00 1.000000000000000000e+00
1.660810810810810612e+00 1.000000000000000000e+00
1.661411411411411354e+00 1.000000000000000000e+00
1.662012012012011875e+00 1.000000000000000000e+00
1.662612612612612617e+00 1.000000000000000000e+00
1.663213213213213137e+00 1.000000000000000000e+00
1.663813813813813658e+00 1.000000000000000000e+00
1.664414414414414400e+00 1.000000000000000000e+00
1.665015015015014921e+00 1.000000000000000000e+00
1.665615615615615441e+00 1.000000000000000000e+00
1.666216216216216184e+00 1.000000000000000000e+00
1.666816816816816704e+00 1.000000000000000000e+00
1.667417417417417447e+00 1.000000000000000000e+00
1.668018018018017967e+00 1.000000000000000000e+00
1.668618618618618488e+00 1.000000000000000000e+00
1.669219219219219230e+00 1.000000000000000000e+00
1.669819819819819751e+00 1.000000000000000000e+00
1.670420420420420271e+00 1.000000000000000000e+00
1.671021021021021014e+00 1.000000000000000000e+00
1.671621621621621534e+00 1.000000000000000000e+00
1.672222222222222054e+00 1.000000000000000000e+00
1.672822822822822797e+00 1.000000000000000000e+00
1.673423423423423317e+00 1.000000000000000000e+00
1.674024024024023838e+00 1.000000000000000000e+00
1.674624624624624580e+00 1.000000000000000000e+00
1.675225225225225101e+00 1.000000000000000000e+00
1.675825825825825621e+00 1.000000000000000000e+00
1.676426426426426364e+00 1.000000000000000000e+00
1.677027027027026884e+00 1.000000000000000000e+00
1.677627627627627627e+00 1.000000000000000000e+00
1.678228228228228147e+00 1.000000000000000000e+00
1.678828828828828668e+00 1.000000000000000000e+00
1.679429429429429410e+00 1.000000000000000000e+00
1.680030030030029931e+00 1.000000000000000000e+00
1.680630630630630451e+00 1.000000000000000000e+00
1.681231231231231193e+00 1.000000000000000000e+00
1.681831831831831714e+00 1.000000000000000000e+00
1.682432432432432456e+00 1.000000000000000000e+00
1.683033033033032977e+00 1.000000000000000000e+00
1.683633633633633497e+00 1.000000000000000000e+00
1.684234234234234240e+00 1.000000000000000000e+00
1.684834834834834760e+00 1.000000000000000000e+00
1.685435435435435281e+00 1.000000000000000000e+00
1.686036036036036023e+00 1.000000000000000000e+00
1.686636636636636544e+00 1.000000000000000000e+00
1.687237237237237064e+00 1.000000000000000000e+00
1.687837837837837807e+00 1.000000000000000000e+00
1.688438438438438327e+00 1.000000000000000000e+00
1.689039039039038848e+00 1.000000000000000000e+00
1.689639639639639590e+00 1.000000000000000000e+00
1.690240240240240110e+00 1.000000000000000000e+00
1.690840840840840631e+00 1.000000000000000000e+00
1.691441441441441373e+00 1.000000000000000000e+00
1.692042042042041894e+00 1.000000000000000000e+00
1.692642642642642636e+00 1.000000000000000000e+00
1.693243243243243157e+00 1.000000000000000000e+00
1.693843843843843677e+00 1.000000000000000000e+00
1.694444444444444420e+00 1.000000000000000000e+00
1.695045045045044940e+00 1.000000000000000000e+00
1.695645645645645461e+00 1.000000000000000000e+00
1.696246246246246203e+00 1.000000000000000000e+00
1.696846846846846724e+00 1.000000000000000000e+00
1.697447447447447466e+00 1.000000000000000000e+00
1.698048048048047987e+00 1.000000000000000000e+00
1.698648648648648507e+00 1.000000000000000000e+00
1.699249249249249250e+00 1.000000000000000000e+00
1.699849849849849770e+00 1.000000000000000000e+00
1.700450450450450290e+00 1.000000000000000000e+00
1.701051051051051033e+00 1.000000000000000000e+00
1.701651651651651553e+00 1.000000000000000000e+00
1.702252252252252074e+00 1.000000000000000000e+00
1.702852852852852816e+00 1.000000000000000000e+00
1.703453453453453337e+00 1.000000000000000000e+00
1.704054054054053857e+00 1.000000000000000000e+00
1.704654654654654600e+00 1.000000000000000000e+00
1.705255255255255120e+00 1.000000000000000000e+00
1.705855855855855641e+00 1.000000000000000000e+00
1.706456456456456383e+00 1.000000000000000000e+00
1.707057057057056904e+00 1.000000000000000000e+00
1.707657657657657424e+00 1.000000000000000000e+00
1.708258258258258167e+00 1.000000000000000000e+00
1.708858858858858687e+00 1.000000000000000000e+00
1.709459459459459429e+00 1.000000000000000000e+00
1.710060060060059950e+00 1.000000000000000000e+00
1.710660660660660692e+00 1.000000000000000000e+00
1.711261261261261213e+00 1.000000000000000000e+00
1.711861861861861733e+00 1.000000000000000000e+00
1.712462462462462476e+00 1.000000000000000000e+00
1.713063063063062996e+00 1.000000000000000000e+00
1.713663663663663517e+00 1.000000000000000000e+00
1.714264264264264259e+00 1.000000000000000000e+00
1.714864864864864780e+00 1.000000000000000000e+00
1.715465465465465300e+00 1.000000000000000000e+00
1.716066066066066043e+00 1.000000000000000000e+00
1.716666666666666563e+00 1.000000000000000000e+00
1.717267267267267083e+00 1.000000000000000000e+00
1.717867867867867826e+00 1.000000000000000000e+00
1.718468468468468346e+00 1.000000000000000000e+00
1.719069069069068867e+00 1.000000000000000000e+00
1.719669669669669609e+00 1.000000000000000000e+00
1.720270270270270130e+00 1.000000000000000000e+00
1.720870870870870650e+00 1.000000000000000000e+00
1.721471471471471393e+00 1.000000000000000000e+00
1.722072072072071913e+00 1.000000000000000000e+00
1.722672672672672434e+00 1.000000000000000000e+00
1.723273273273273176e+00 1.000000000000000000e+00
1.723873873873873697e+00 1.000000000000000000e+00
1.724474474474474439e+00 1.000000000000000000e+00
1.725075075075074960e+00 1.000000000000000000e+00
1.725675675675675702e+00 1.000000000000000000e+00
1.726276276276276223e+00 1.000000000000000000e+00
1.726876876876876743e+00 1.000000000000000000e+00
1.727477477477477485e+00 1.000000000000000000e+00
1.728078078078078006e+00 1.000000000000000000e+00
1.728678678678678526e+00 1.000000000000000000e+00
1.729279279279279269e+00 1.000000000000000000e+00
1.729879879879879789e+00 1.000000000000000000e+00
1.730480480480480310e+00 1.000000000000000000e+00
1.731081081081081052e+00 1.000000000000000000e+00
1.731681681681681573e+00 1.000000000000000000e+00
1.732282282282282093e+00 1.000000000000000000e+00
1.732882882882882836e+00 1.000000000000000000e+00
1.733483483483483356e+00 1.000000000000000000e+00
1.734084084084083877e+00 1.000000000000000000e+00
1.734684684684684619e+00 1.000000000000000000e+00
1.735285285285285140e+00 1.000000000000000000e+00
1.735885885885885660e+00 1.000000000000000000e+00
1.736486486486486402e+00 1.000000000000000000e+00
1.737087087087086923e+00 1.000000000000000000e+00
1.737687687687687443e+00 1.000000000000000000e+00
1.738288288288288186e+00 1.000000000000000000e+00
1.738888888888888706e+00 1.000000000000000000e+00
1.739489489489489449e+00 1.000000000000000000e+00
1.740090090090089969e+00 1.000000000000000000e+00
1.740690690690690712e+00 1.000000000000000000e+00
1.741291291291291232e+00 1.000000000000000000e+00
1.741891891891891753e+00 1.000000000000000000e+00
1.742492492492492495e+00 1.000000000000000000e+00
1.743093093093093016e+00 1.000000000000000000e+00
1.743693693693693536e+00 1.000000000000000000e+00
1.744294294294294279e+00 1.000000000000000000e+00
1.744894894894894799e+00 1.000000000000000000e+00
1.745495495495495319e+00 1.000000000000000000e+00
1.746096096096096062e+00 1.000000000000000000e+00
1.746696696696696582e+00 1.000000000000000000e+00
1.747297297297297103e+00 1.000000000000000000e+00
1.747897897897897845e+00 1.000000000000000000e+00
1.748498498498498366e+00 1.000000000000000000e+00
1.749099099099098886e+00 1.000000000000000000e+00
1.749699699699699629e+00 1.000000000000000000e+00
1.750300300300300149e+00 1.000000000000000000e+00
1.750900900900900670e+00 1.000000000000000000e+00
1.751501501501501412e+00 1.000000000000000000e+00
1.752102102102101933e+00 1.000000000000000000e+00
1.752702702702702453e+00 1.000000000000000000e+00
1.753303303303303196e+00 1.000000000000000000e+00
1.753903903903903716e+00 1.000000000000000000e+00
1.754504504504504458e+00 1.000000000000000000e+00
1.755105105105104979e+00 1.000000000000000000e+00
1.755705705705705721e+00 1.000000000000000000e+00
1.756306306306306242e+00 1.000000000000000000e+00
1.756906906906906762e+00 1.000000000000000000e+00
1.757507507507507505e+00 1.000000000000000000e+00
1.758108108108108025e+00 1.000000000000000000e+00
1.758708708708708546e+00 1.000000000000000000e+00
1.759309309309309288e+00 1.000000000000000000e+00
1.759909909909909809e+00 1.000000000000000000e+00
1.760510510510510329e+00 1.000000000000000000e+00
1.761111111111111072e+00 1.000000000000000000e+00
1.761711711711711592e+00 1.000000000000000000e+00
1.762312312312312113e+00 1.000000000000000000e+00
1.762912912912912855e+00 1.000000000000000000e+00
1.763513513513513375e+00 1.000000000000000000e+00
1.764114114114113896e+00 1.000000000000000000e+00
1.764714714714714638e+00 1.000000000000000000e+00
1.765315315315315159e+00 1.000000000000000000e+00
1.765915915915915679e+00 1.000000000000000000e+00
1.766516516516516422e+00 1.000000000000000000e+00
1.767117117117116942e+00 1.000000000000000000e+00
1.767717717717717685e+00 1.000000000000000000e+00
1.768318318318318205e+00 1.000000000000000000e+00
1.768918918918918726e+00 1.000000000000000000e+00
1.769519519519519468e+00 1.000000000000000000e+00
1.770120120120119989e+00 1.000000000000000000e+00
1.770720720720720731e+00 1.000000000000000000e+00
1.771321321321321252e+00 1.000000000000000000e+00
1.771921921921921772e+00 1.000000000000000000e+00
1.772522522522522515e+00 1.000000000000000000e+00
1.773123123123123035e+00 1.000000000000000000e+00
1.773723723723723555e+00 1.000000000000000000e+00
1.774324324324324298e+00 1.000000000000000000e+00
1.774924924924924818e+00 1.000000000000000000e+00
1.775525525525525339e+00 1.000000000000000000e+00
1.776126126126126081e+00 1.000000000000000000e+00
1.776726726726726602e+00 1.000000000000000000e+00
1.777327327327327122e+00 1.000000000000000000e+00
1.777927927927927865e+00 1.000000000000000000e+00
1.778528528528528385e+00 1.000000000000000000e+00
1.779129129129128906e+00 1.000000000000000000e+00
1.779729729729729648e+00 1.000000000000000000e+00
1.780330330330330169e+00 1.000000000000000000e+00
1.780930930930930689e+00 1.000000000000000000e+00
1.781531531531531432e+00 1.000000000000000000e+00
1.782132132132131952e+00 1.000000000000000000e+00
1.782732732732732694e+00 1.000000000000000000e+00
1.783333333333333215e+00 1.000000000000000000e+00
1.783933933933933735e+00 1.000000000000000000e+00
1.784534534534534478e+00 1.000000000000000000e+00
1.785135135135134998e+00 1.000000000000000000e+00
1.785735735735735741e+00 1.000000000000000000e+00
1.786336336336336261e+00 1.000000000000000000e+00
1.786936936936936782e+00 1.000000000000000000e+00
1.787537537537537524e+00 1.000000000000000000e+00
1.788138138138138045e+00 1.000000000000000000e+00
1.788738738738738565e+00 1.000000000000000000e+00
1.789339339339339308e+00 1.000000000000000000e+00
1.789939939939939828e+00 1.000000000000000000e+00
1.790540540540540349e+00 1.000000000000000000e+00
1.791141141141141091e+00 1.000000000000000000e+00
1.791741741741741611e+00 1.000000000000000000e+00
1.792342342342342132e+00 1.000000000000000000e+00
1.792942942942942874e+00 1.000000000000000000e+00
1.793543543543543395e+00 1.000000000000000000e+00
1.794144144144143915e+00 1.000000000000000000e+00
1.794744744744744658e+00 1.000000000000000000e+00
1.795345345345345178e+00 1.000000000000000000e+00
1.795945945945945699e+00 1.000000000000000000e+00
1.796546546546546441e+00 1.000000000000000000e+00
1.797147147147146962e+00 1.000000000000000000e+00
1.797747747747747704e+00 1.000000000000000000e+00
1.798348348348348225e+00 1.000000000000000000e+00
1.798948948948948745e+00 1.000000000000000000e+00
1.799549549549549488e+00 1.000000000000000000e+00
1.800150150150150008e+00 1.000000000000000000e+00
1.800750750750750750e+00 1.000000000000000000e+00
1.801351351351351271e+00 1.000000000000000000e+00
1.801951951951951791e+00 1.000000000000000000e+00
1.802552552552552534e+00 1.000000000000000000e+00
1.803153153153153054e+00 1.000000000000000000e+00
1.803753753753753575e+00 1.000000000000000000e+00
1.804354354354354317e+00 1.000000000000000000e+00
1.804954954954954838e+00 1.000000000000000000e+00
1.805555555555555358e+00 1.000000000000000000e+00
1.806156156156156101e+00 1.000000000000000000e+00
1.806756756756756621e+00 1.000000000000000000e+00
1.807357357357357142e+00 1.000000000000000000e+00
1.807957957957957884e+00 1.000000000000000000e+00
1.808558558558558405e+00 1.000000000000000000e+00
1.809159159159158925e+00 1.000000000000000000e+00
1.809759759759759667e+00 1.000000000000000000e+00
1.810360360360360188e+00 1.000000000000000000e+00
1.810960960960960708e+00 1.000000000000000000e+00
1.811561561561561451e+00 1.000000000000000000e+00
1.812162162162161971e+00 1.000000000000000000e+00
1.812762762762762714e+00 1.000000000000000000e+00
1.813363363363363234e+00 1.000000000000000000e+00
1.813963963963963755e+00 1.000000000000000000e+00
1.814564564564564497e+00 1.000000000000000000e+00
1.815165165165165018e+00 1.000000000000000000e+00
1.815765765765765760e+00 1.000000000000000000e+00
1.816366366366366281e+00 1.000000000000000000e+00
1.816966966966966801e+00 1.000000000000000000e+00
1.817567567567567544e+00 1.000000000000000000e+00
1.818168168168168064e+00 1.000000000000000000e+00
1.818768768768768584e+00 1.000000000000000000e+00
1.819369369369369327e+00 1.000000000000000000e+00
1.819969969969969847e+00 1.000000000000000000e+00
1.820570570570570368e+00 1.000000000000000000e+00
1.821171171171171110e+00 1.000000000000000000e+00
1.821771771771771631e+00 1.000000000000000000e+00
1.822372372372372151e+00 1.000000000000000000e+00
1.822972972972972894e+00 1.000000000000000000e+00
1.823573573573573414e+00 1.000000000000000000e+00
1.824174174174173935e+00 1.000000000000000000e+00
1.824774774774774677e+00 1.000000000000000000e+00
1.825375375375375198e+00 1.000000000000000000e+00
1.825975975975975718e+00 1.000000000000000000e+00
1.826576576576576461e+00 1.000000000000000000e+00
1.827177177177176981e+00 1.000000000000000000e+00
1.827777777777777724e+00 1.000000000000000000e+00
1.828378378378378244e+00 1.000000000000000000e+00
1.828978978978978986e+00 1.000000000000000000e+00
1.829579579579579507e+00 1.000000000000000000e+00
1.830180180180180027e+00 1.000000000000000000e+00
1.830780780780780770e+00 1.000000000000000000e+00
1.831381381381381290e+00 1.000000000000000000e+00
1.831981981981981811e+00 1.000000000000000000e+00
1.832582582582582553e+00 1.000000000000000000e+00
1.833183183183183074e+00 1.000000000000000000e+00
1.833783783783783594e+00 1.000000000000000000e+00
1.834384384384384337e+00 1.000000000000000000e+00
1.834984984984984857e+00 1.000000000000000000e+00
1.835585585585585378e+00 1.000000000000000000e+00
1.836186186186186120e+00 1.000000000000000000e+00
1.836786786786786640e+00 1.000000000000000000e+00
1.837387387387387161e+00 1.000000000000000000e+00
1.837987987987987903e+00 1.000000000000000000e+00
1.838588588588588424e+00 1.000000000000000000e+00
1.839189189189188944e+00 1.000000000000000000e+00
1.839789789789789687e+00 1.000000000000000000e+00
1.840390390390390207e+00 1.000000000000000000e+00
1.840990990990990728e+00 1.000000000000000000e+00
1.841591591591591470e+00 1.000000000000000000e+00
1.842192192192191991e+00 1.000000000000000000e+00
1.842792792792792733e+00 1.000000000000000000e+00
1.843393393393393254e+00 1.000000000000000000e+00
1.843993993993993996e+00 1.000000000000000000e+00
1.844594594594594517e+00 1.000000000000000000e+00
1.845195195195195037e+00 1.000000000000000000e+00
1.845795795795795780e+00 1.000000000000000000e+00
1.846396396396396300e+00 1.000000000000000000e+00
1.846996996996996820e+00 1.000000000000000000e+00
1.847597597597597563e+00 1.000000000000000000e+00
1.848198198198198083e+00 1.000000000000000000e+00
1.848798798798798604e+00 1.000000000000000000e+00
1.849399399399399346e+00 1.000000000000000000e+00
1.849999999999999867e+00 1.000000000000000000e+00
1.850600600600600387e+00 1.000000000000000000e+00
1.851201201201201130e+00 1.000000000000000000e+00
1.851801801801801650e+00 1.000000000000000000e+00
1.852402402402402171e+00 1.000000000000000000e+00
1.853003003003002913e+00 1.000000000000000000e+00
1.853603603603603434e+00 1.000000000000000000e+00
1.854204204204203954e+00 1.000000000000000000e+00
1.854804804804804697e+00 1.000000000000000000e+00
1.855405405405405217e+00 1.000000000000000000e+00
1.856006006006005737e+00 1.000000000000000000e+00
1.856606606606606480e+00 1.000000000000000000e+00
1.857207207207207000e+00 1.000000000000000000e+00
1.857807807807807743e+00 1.000000000000000000e+00
1.858408408408408263e+00 1.000000000000000000e+00
1.859009009009009006e+00 1.000000000000000000e+00
1.859609609609609526e+00 1.000000000000000000e+00
1.860210210210210047e+00 1.000000000000000000e+00
1.860810810810810789e+00 1.000000000000000000e+00
1.861411411411411310e+00 1.000000000000000000e+00
1.862012012012011830e+00 1.000000000000000000e+00
1.862612612612612573e+00 1.000000000000000000e+00
1.863213213213213093e+00 1.000000000000000000e+00
1.863813813813813614e+00 1.000000000000000000e+00
1.864414414414414356e+00 1.000000000000000000e+00
1.865015015015014876e+00 1.000000000000000000e+00
1.865615615615615397e+00 1.000000000000000000e+00
1.866216216216216139e+00 1.000000000000000000e+00
1.866816816816816660e+00 1.000000000000000000e+00
1.867417417417417180e+00 1.000000000000000000e+00
1.868018018018017923e+00 1.000000000000000000e+00
1.868618618618618443e+00 1.000000000000000000e+00
1.869219219219218964e+00 1.000000000000000000e+00
1.869819819819819706e+00 1.000000000000000000e+00
1.870420420420420227e+00 1.000000000000000000e+00
1.871021021021020747e+00 1.000000000000000000e+00
1.871621621621621490e+00 1.000000000000000000e+00
1.872222222222222010e+00 1.000000000000000000e+00
1.872822822822822753e+00 1.000000000000000000e+00
1.873423423423423273e+00 1.000000000000000000e+00
1.874024024024024015e+00 1.000000000000000000e+00
1.874624624624624536e+00 1.000000000000000000e+00
1.875225225225225056e+00 1.000000000000000000e+00
1.875825825825825799e+00 1.000000000000000000e+00
1.876426426426426319e+00 1.000000000000000000e+00
1.877027027027026840e+00 1.000000000000000000e+00
1.877627627627627582e+00 1.000000000000000000e+00
1.878228228228228103e+00 1.000000000000000000e+00
1.878828828828828623e+00 1.000000000000000000e+00
1.879429429429429366e+00 1.000000000000000000e+00
1.880030030030029886e+00 1.000000000000000000e+00
1.880630630630630407e+00 1.000000000000000000e+00
1.881231231231231149e+00 1.000000000000000000e+00
1.881831831831831670e+00 1.000000000000000000e+00
1.882432432432432190e+00 1.000000000000000000e+00
1.883033033033032932e+00 1.000000000000000000e+00
1.883633633633633453e+00 1.000000000000000000e+00
1.884234234234233973e+00 1.000000000000000000e+00
1.884834834834834716e+00 1.000000000000000000e+00
1.885435435435435236e+00 1.000000000000000000e+00
1.886036036036035757e+00 1.000000000000000000e+00
1.886636636636636499e+00 1.000000000000000000e+00
1.887237237237237020e+00 1.000000000000000000e+00
1.887837837837837762e+00 1.000000000000000000e+00
1.888438438438438283e+00 1.000000000000000000e+00
1.889039039039039025e+00 1.000000000000000000e+00
1.889639639639639546e+00 1.000000000000000000e+00
1.890240240240240066e+00 1.000000000000000000e+00
1.890840840840840809e+00 1.000000000000000000e+00
1.891441441441441329e+00 1.000000000000000000e+00
1.892042042042041849e+00 1.000000000000000000e+00
1.892642642642642592e+00 1.000000000000000000e+00
1.893243243243243112e+00 1.000000000000000000e+00
1.893843843843843633e+00 1.000000000000000000e+00
1.894444444444444375e+00 1.000000000000000000e+00
1.895045045045044896e+00 1.000000000000000000e+00
1.895645645645645416e+00 1.000000000000000000e+00
1.896246246246246159e+00 1.000000000000000000e+00
1.896846846846846679e+00 1.000000000000000000e+00
1.897447447447447200e+00 1.000000000000000000e+00
1.898048048048047942e+00 1.000000000000000000e+00
1.898648648648648463e+00 1.000000000000000000e+00
1.899249249249248983e+00 1.000000000000000000e+00
1.899849849849849726e+00 1.000000000000000000e+00
1.900450450450450246e+00 0.000000000000000000e+00
1.901051051051050766e+00 0.000000000000000000e+00
1.901651651651651509e+00 0.000000000000000000e+00
1.902252252252252029e+00 0.000000000000000000e+00
1.902852852852852772e+00 0.000000000000000000e+00
1.903453453453453292e+00 0.000000000000000000e+00
1.904054054054054035e+00 0.000000000000000000e+00
1.904654654654654555e+00 0.000000000000000000e+00
1.905255255255255076e+00 0.000000000000000000e+00
1.905855855855855818e+00 0.000000000000000000e+00
1.906456456456456339e+00 0.000000000000000000e+00
1.907057057057056859e+00 0.000000000000000000e+00
1.907657657657657602e+00 0.000000000000000000e+00
1.908258258258258122e+00 0.000000000000000000e+00
1.908858858858858643e+00 0.000000000000000000e+00
1.909459459459459385e+00 0.000000000000000000e+00
1.910060060060059905e+00 0.000000000000000000e+00
1.910660660660660426e+00 0.000000000000000000e+00
1.911261261261261168e+00 0.000000000000000000e+00
1.911861861861861689e+00 0.000000000000000000e+00
1.912462462462462209e+00 0.000000000000000000e+00
1.913063063063062952e+00 0.000000000000000000e+00
1.913663663663663472e+00 0.000000000000000000e+00
1.914264264264263993e+00 0.000000000000000000e+00
1.914864864864864735e+00 0.000000000000000000e+00
1.915465465465465256e+00 0.000000000000000000e+00
1.916066066066065998e+00 0.000000000000000000e+00
1.916666666666666519e+00 0.000000000000000000e+00
1.917267267267267039e+00 0.000000000000000000e+00
1.917867867867867782e+00 0.000000000000000000e+00
1.918468468468468302e+00 0.000000000000000000e+00
1.919069069069069045e+00 0.000000000000000000e+00
1.919669669669669565e+00 0.000000000000000000e+00
1.920270270270270085e+00 0.000000000000000000e+00
1.920870870870870828e+00 0.000000000000000000e+00
1.921471471471471348e+00 0.000000000000000000e+00
1.922072072072071869e+00 0.000000000000000000e+00
1.922672672672672611e+00 0.000000000000000000e+00
1.923273273273273132e+00 0.000000000000000000e+00
1.923873873873873652e+00 0.000000000000000000e+00
1.924474474474474395e+00 0.000000000000000000e+00
1.925075075075074915e+00 0.000000000000000000e+00
1.925675675675675436e+00 0.000000000000000000e+00
1.926276276276276178e+00 0.000000000000000000e+00
1.926876876876876699e+00 0.000000000000000000e+00
1.927477477477477219e+00 0.000000000000000000e+00
1.928078078078077962e+00 0.000000000000000000e+00
1.928678678678678482e+00 0.000000000000000000e+00
1.929279279279279002e+00 0.000000000000000000e+00
1.929879879879879745e+00 0.000000000000000000e+00
1.930480480480480265e+00 0.000000000000000000e+00
1.931081081081081008e+00 0.000000000000000000e+00
1.931681681681681528e+00 0.000000000000000000e+00
1.932282282282282049e+00 0.000000000000000000e+00
1.932882882882882791e+00 0.000000000000000000e+00
1.933483483483483312e+00 0.000000000000000000e+00
1.934084084084084054e+00 0.000000000000000000e+00
1.934684684684684575e+00 0.000000000000000000e+00
1.935285285285285095e+00 0.000000000000000000e+00
1.935885885885885838e+00 0.000000000000000000e+00
1.936486486486486358e+00 0.000000000000000000e+00
1.937087087087086879e+00 0.000000000000000000e+00
1.937687687687687621e+00 0.000000000000000000e+00
1.938288288288288141e+00 0.000000000000000000e+00
1.938888888888888662e+00 0.000000000000000000e+00
1.939489489489489404e+00 0.000000000000000000e+00
1.940090090090089925e+00 0.000000000000000000e+00
1.940690690690690445e+00 0.000000000000000000e+00
1.941291291291291188e+00 0.000000000000000000e+00
1.941891891891891708e+00 0.000000000000000000e+00
1.942492492492492229e+00 0.000000000000000000e+00
1.943093093093092971e+00 0.000000000000000000e+00
1.943693693693693492e+00 0.000000000000000000e+00
1.944294294294294012e+00 0.000000000000000000e+00
1.944894894894894755e+00 0.000000000000000000e+00
1.945495495495495275e+00 0.000000000000000000e+00
1.946096096096096018e+00 0.000000000000000000e+00
1.946696696696696538e+00 0.000000000000000000e+00
1.947297297297297058e+00 0.000000000000000000e+00
1.947897897897897801e+00 0.000000000000000000e+00
1.948498498498498321e+00 0.000000000000000000e+00
1.949099099099099064e+00 0.000000000000000000e+00
1.949699699699699584e+00 0.000000000000000000e+00
1.950300300300300105e+00 0.000000000000000000e+00
1.950900900900900847e+00 0.000000000000000000e+00
1.951501501501501368e+00 0.000000000000000000e+00
1.952102102102101888e+00 0.000000000000000000e+00
1.952702702702702631e+00 0.000000000000000000e+00
1.953303303303303151e+00 0.000000000000000000e+00
1.953903903903903672e+00 0.000000000000000000e+00
1.954504504504504414e+00 0.000000000000000000e+00
1.955105105105104935e+00 0.000000000000000000e+00
1.955705705705705455e+00 0.000000000000000000e+00
1.956306306306306197e+00 0.000000000000000000e+00
1.956906906906906718e+00 0.000000000000000000e+00
1.957507507507507238e+00 0.000000000000000000e+00
1.958108108108107981e+00 0.000000000000000000e+00
1.958708708708708501e+00 0.000000000000000000e+00
1.959309309309309022e+00 0.000000000000000000e+00
1.959909909909909764e+00 0.000000000000000000e+00
1.960510510510510507e+00 0.000000000000000000e+00
1.961111111111110805e+00 0.000000000000000000e+00
1.961711711711711548e+00 0.000000000000000000e+00
1.962312312312312290e+00 0.000000000000000000e+00
1.962912912912912589e+00 0.000000000000000000e+00
1.963513513513513331e+00 0.000000000000000000e+00
1.964114114114114074e+00 0.000000000000000000e+00
1.964714714714714594e+00 0.000000000000000000e+00
1.965315315315315114e+00 0.000000000000000000e+00
1.965915915915915857e+00 0.000000000000000000e+00
1.966516516516516377e+00 0.000000000000000000e+00
1.967117117117116898e+00 0.000000000000000000e+00
1.967717717717717640e+00 0.000000000000000000e+00
1.968318318318318161e+00 0.000000000000000000e+00
1.968918918918918681e+00 0.000000000000000000e+00
1.969519519519519424e+00 0.000000000000000000e+00
1.970120120120119944e+00 0.000000000000000000e+00
1.970720720720720465e+00 0.000000000000000000e+00
1.971321321321321207e+00 0.000000000000000000e+00
1.971921921921921728e+00 0.000000000000000000e+00
1.972522522522522248e+00 0.000000000000000000e+00
1.973123123123122991e+00 0.000000000000000000e+00
1.973723723723723511e+00 0.000000000000000000e+00
1.974324324324324031e+00 0.000000000000000000e+00
1.974924924924924774e+00 0.000000000000000000e+00
1.975525525525525516e+00 0.000000000000000000e+00
1.976126126126125815e+00 0.000000000000000000e+00
1.976726726726726557e+00 0.000000000000000000e+00
1.977327327327327300e+00 0.000000000000000000e+00
1.977927927927927598e+00 0.000000000000000000e+00
1.978528528528528341e+00 0.000000000000000000e+00
1.979129129129129083e+00 0.000000000000000000e+00
1.979729729729729604e+00 0.000000000000000000e+00
1.980330330330330124e+00 0.000000000000000000e+00
1.980930930930930867e+00 0.000000000000000000e+00
1.981531531531531387e+00 0.000000000000000000e+00
1.982132132132131908e+00 0.000000000000000000e+00
1.982732732732732650e+00 0.000000000000000000e+00
1.983333333333333171e+00 0.000000000000000000e+00
1.983933933933933691e+00 0.000000000000000000e+00
1.984534534534534433e+00 0.000000000000000000e+00
1.985135135135134954e+00 0.000000000000000000e+00
1.985735735735735474e+00 0.000000000000000000e+00
1.986336336336336217e+00 0.000000000000000000e+00
1.986936936936936737e+00 0.000000000000000000e+00
1.987537537537537258e+00 0.000000000000000000e+00
1.988138138138138000e+00 0.000000000000000000e+00
1.988738738738738521e+00 0.000000000000000000e+00
1.989339339339339041e+00 0.000000000000000000e+00
1.989939939939939784e+00 0.000000000000000000e+00
1.990540540540540526e+00 0.000000000000000000e+00
1.991141141141140825e+00 0.000000000000000000e+00
1.991741741741741567e+00 0.000000000000000000e+00
1.992342342342342310e+00 0.000000000000000000e+00
1.992942942942942830e+00 0.000000000000000000e+00
1.993543543543543350e+00 0.000000000000000000e+00
1.994144144144144093e+00 0.000000000000000000e+00
1.994744744744744613e+00 0.000000000000000000e+00
1.995345345345345134e+00 0.000000000000000000e+00
1.995945945945945876e+00 0.000000000000000000e+00
1.996546546546546397e+00 0.000000000000000000e+00
1.997147147147146917e+00 0.000000000000000000e+00
1.997747747747747660e+00 0.000000000000000000e+00
1.998348348348348180e+00 0.000000000000000000e+00
1.998948948948948701e+00 0.000000000000000000e+00
1.999549549549549443e+00 0.000000000000000000e+00
2.000150150150149742e+00 0.000000000000000000e+00
2.000750750750750484e+00 0.000000000000000000e+00
2.001351351351351227e+00 0.000000000000000000e+00
2.001951951951951969e+00 0.000000000000000000e+00
2.002552552552552267e+00 0.000000000000000000e+00
2.003153153153153010e+00 0.000000000000000000e+00
2.003753753753753308e+00 0.000000000000000000e+00
2.004354354354354051e+00 0.000000000000000000e+00
2.004954954954954793e+00 0.000000000000000000e+00
2.005555555555555536e+00 0.000000000000000000e+00
2.006156156156155834e+00 0.000000000000000000e+00
2.006756756756756577e+00 0.000000000000000000e+00
2.007357357357357319e+00 0.000000000000000000e+00
2.007957957957957618e+00 0.000000000000000000e+00
2.008558558558558360e+00 0.000000000000000000e+00
2.009159159159159103e+00 0.000000000000000000e+00
2.009759759759759845e+00 0.000000000000000000e+00
2.010360360360360144e+00 0.000000000000000000e+00
2.010960960960960886e+00 0.000000000000000000e+00
2.011561561561561184e+00 0.000000000000000000e+00
2.012162162162161927e+00 0.000000000000000000e+00
2.012762762762762669e+00 0.000000000000000000e+00
2.013363363363363412e+00 0.000000000000000000e+00
2.013963963963963710e+00 0.000000000000000000e+00
2.014564564564564453e+00 0.000000000000000000e+00
2.015165165165164751e+00 0.000000000000000000e+00
2.015765765765765494e+00 0.000000000000000000e+00
2.016366366366366236e+00 0.000000000000000000e+00
2.016966966966966979e+00 0.000000000000000000e+00
2.017567567567567277e+00 0.000000000000000000e+00
2.018168168168168020e+00 0.000000000000000000e+00
2.018768768768768762e+00 0.000000000000000000e+00
2.019369369369369061e+00 0.000000000000000000e+00
2.019969969969969803e+00 0.000000000000000000e+00
2.020570570570570545e+00 0.000000000000000000e+00
2.021171171171170844e+00 0.000000000000000000e+00
2.021771771771771586e+00 0.000000000000000000e+00
2.022372372372372329e+00 0.000000000000000000e+00
2.022972972972972627e+00 0.000000000000000000e+00
2.023573573573573370e+00 0.000000000000000000e+00
2.024174174174174112e+00 0.000000000000000000e+00
2.024774774774774855e+00 0.000000000000000000e+00
2.025375375375375153e+00 0.000000000000000000e+00
2.025975975975975896e+00 0.000000000000000000e+00
2.026576576576576194e+00 0.000000000000000000e+00
2.027177177177176937e+00 0.000000000000000000e+00
2.027777777777777679e+00 0.000000000000000000e+00
2.028378378378378422e+00 0.000000000000000000e+00
2.028978978978978720e+00 0.000000000000000000e+00
2.029579579579579462e+00 0.000000000000000000e+00
2.030180180180179761e+00 0.000000000000000000e+00
2.030780780780780503e+00 0.000000000000000000e+00
2.031381381381381246e+00 0.000000000000000000e+00
2.031981981981981988e+00 0.000000000000000000e+00
2.032582582582582287e+00 0.000000000000000000e+00
2.033183183183183029e+00 0.000000000000000000e+00
2.033783783783783772e+00 0.000000000000000000e+00
2.034384384384384070e+00 0.000000000000000000e+00
2.034984984984984813e+00 0.000000000000000000e+00
2.035585585585585555e+00 0.000000000000000000e+00
2.036186186186185854e+00 0.000000000000000000e+00
2.036786786786786596e+00 0.000000000000000000e+00
2.037387387387387339e+00 0.000000000000000000e+00
2.037987987987987637e+00 0.000000000000000000e+00
2.038588588588588379e+00 0.000000000000000000e+00
2.039189189189189122e+00 0.000000000000000000e+00
2.039789789789789864e+00 0.000000000000000000e+00
2.040390390390390163e+00 0.000000000000000000e+00
2.040990990990990905e+00 0.000000000000000000e+00
2.041591591591591204e+00 0.000000000000000000e+00
2.042192192192191946e+00 0.000000000000000000e+00
2.042792792792792689e+00 0.000000000000000000e+00
2.043393393393393431e+00 0.000000000000000000e+00
2.043993993993993730e+00 0.000000000000000000e+00
2.044594594594594472e+00 0.000000000000000000e+00
2.045195195195194771e+00 0.000000000000000000e+00
2.045795795795795513e+00 0.000000000000000000e+00
2.046396396396396256e+00 0.000000000000000000e+00
2.046996996996996998e+00 0.000000000000000000e+00
2.047597597597597296e+00 0.000000000000000000e+00
2.048198198198198039e+00 0.000000000000000000e+00
2.048798798798798781e+00 0.000000000000000000e+00
2.049399399399399080e+00 0.000000000000000000e+00
2.049999999999999822e+00 0.000000000000000000e+00
