2.050000000000000266e+00 0.000000000000000000e+00
2.050600600600601009e+00 0.000000000000000000e+00
2.051201201201201307e+00 0.000000000000000000e+00
2.051801801801802050e+00 0.000000000000000000e+00
2.052402402402402792e+00 0.000000000000000000e+00
2.053003003003003091e+00 0.000000000000000000e+00
2.053603603603603833e+00 0.000000000000000000e+00
2.054204204204204576e+00 0.000000000000000000e+00
2.054804804804804874e+00 0.000000000000000000e+00
2.055405405405405617e+00 0.000000000000000000e+00
2.056006006006006359e+00 0.000000000000000000e+00
2.056606606606606658e+00 0.000000000000000000e+00
2.057207207207207400e+00 0.000000000000000000e+00
2.057807807807808143e+00 0.000000000000000000e+00
2.058408408408408885e+00 0.000000000000000000e+00
2.059009009009009183e+00 0.000000000000000000e+00
2.059609609609609926e+00 0.000000000000000000e+00
2.060210210210210668e+00 0.000000000000000000e+00
2.060810810810810967e+00 0.000000000000000000e+00
2.061411411411411709e+00 0.000000000000000000e+00
2.062012012012012452e+00 0.000000000000000000e+00
2.062612612612612750e+00 0.000000000000000000e+00
2.063213213213213493e+00 0.000000000000000000e+00
2.063813813813814235e+00 0.000000000000000000e+00
2.064414414414414534e+00 0.000000000000000000e+00
2.065015015015015276e+00 0.000000000000000000e+00
2.065615615615616019e+00 0.000000000000000000e+00
2.066216216216216317e+00 0.000000000000000000e+00
2.066816816816817060e+00 0.000000000000000000e+00
2.067417417417417802e+00 0.000000000000000000e+00
2.068018018018018100e+00 0.000000000000000000e+00
2.068618618618618843e+00 0.000000000000000000e+00
2.069219219219219585e+00 0.000000000000000000e+00
2.069819819819819884e+00 0.000000000000000000e+00
2.070420420420420626e+00 0.000000000000000000e+00
2.071021021021021369e+00 0.000000000000000000e+00
2.071621621621621667e+00 0.000000000000000000e+00
2.072222222222222410e+00 0.000000000000000000e+00
2.072822822822823152e+00 0.000000000000000000e+00
2.073423423423423895e+00 0.000000000000000000e+00
2.074024024024024193e+00 0.000000000000000000e+00
2.074624624624624936e+00 0.000000000000000000e+00
2.075225225225225678e+00 0.000000000000000000e+00
2.075825825825825977e+00 0.000000000000000000e+00
2.076426426426426719e+00 0.000000000000000000e+00
2.077027027027027462e+00 0.000000000000000000e+00
2.077627627627627760e+00 0.000000000000000000e+00
2.078228228228228502e+00 0.000000000000000000e+00
2.078828828828829245e+00 0.000000000000000000e+00
2.079429429429429543e+00 0.000000000000000000e+00
2.080030030030030286e+00 0.000000000000000000e+00
2.080630630630631028e+00 0.000000000000000000e+00
2.081231231231231327e+00 0.000000000000000000e+00
2.081831831831832069e+00 0.000000000000000000e+00
2.082432432432432812e+00 0.000000000000000000e+00
2.083033033033033110e+00 0.000000000000000000e+00
2.083633633633633853e+00 0.000000000000000000e+00
2.084234234234234595e+00 0.000000000000000000e+00
2.084834834834834894e+00 0.000000000000000000e+00
2.085435435435435636e+00 0.000000000000000000e+00
2.086036036036036379e+00 0.000000000000000000e+00
2.086636636636636677e+00 0.000000000000000000e+00
2.087237237237237419e+00 0.000000000000000000e+00
2.087837837837838162e+00 0.000000000000000000e+00
2.088438438438438460e+00 0.000000000000000000e+00
2.089039039039039203e+00 0.000000000000000000e+00
2.089639639639639945e+00 0.000000000000000000e+00
2.090240240240240688e+00 0.000000000000000000e+00
2.090840840840840986e+00 0.000000000000000000e+00
2.091441441441441729e+00 0.000000000000000000e+00
2.092042042042042471e+00 0.000000000000000000e+00
2.092642642642642770e+00 0.000000000000000000e+00
2.093243243243243512e+00 0.000000000000000000e+00
2.093843843843844255e+00 0.000000000000000000e+00
2.094444444444444553e+00 0.000000000000000000e+00
2.095045045045045295e+00 0.000000000000000000e+00
2.095645645645646038e+00 0.000000000000000000e+00
2.096246246246246336e+00 0.000000000000000000e+00
2.096846846846847079e+00 0.000000000000000000e+00
2.097447447447447821e+00 0.000000000000000000e+00
2.098048048048048120e+00 0.000000000000000000e+00
2.098648648648648862e+00 0.000000000000000000e+00
2.099249249249249605e+00 0.000000000000000000e+00
2.099849849849849903e+00 0.000000000000000000e+00
2.100450450450450646e+00 0.000000000000000000e+00
2.101051051051051388e+00 0.000000000000000000e+00
2.101651651651651687e+00 0.000000000000000000e+00
2.102252252252252429e+00 0.000000000000000000e+00
2.102852852852853172e+00 0.000000000000000000e+00
2.103453453453453470e+00 0.000000000000000000e+00
2.104054054054054212e+00 0.000000000000000000e+00
2.104654654654654955e+00 0.000000000000000000e+00
2.105255255255255697e+00 0.000000000000000000e+00
2.105855855855855996e+00 0.000000000000000000e+00
2.106456456456456738e+00 0.000000000000000000e+00
2.107057057057057481e+00 0.000000000000000000e+00
2.107657657657657779e+00 0.000000000000000000e+00
2.108258258258258522e+00 0.000000000000000000e+00
2.108858858858859264e+00 0.000000000000000000e+00
2.109459459459459563e+00 0.000000000000000000e+00
2.110060060060060305e+00 0.000000000000000000e+00
2.110660660660661048e+00 0.000000000000000000e+00
2.111261261261261346e+00 0.000000000000000000e+00
2.111861861861862089e+00 0.000000000000000000e+00
2.112462462462462831e+00 0.000000000000000000e+00
2.113063063063063129e+00 0.000000000000000000e+00
2.113663663663663872e+00 0.000000000000000000e+00
2.114264264264264614e+00 0.000000000000000000e+00
2.114864864864864913e+00 0.000000000000000000e+00
2.115465465465465655e+00 0.000000000000000000e+00
2.116066066066066398e+00 0.000000000000000000e+00
2.116666666666666696e+00 0.000000000000000000e+00
2.117267267267267439e+00 0.000000000000000000e+00
2.117867867867868181e+00 0.000000000000000000e+00
2.118468468468468480e+00 0.000000000000000000e+00
2.119069069069069222e+00 0.000000000000000000e+00
2.119669669669669965e+00 0.000000000000000000e+00
2.120270270270270707e+00 0.000000000000000000e+00
2.120870870870871006e+00 0.000000000000000000e+00
2.121471471471471748e+00 0.000000000000000000e+00
2.122072072072072491e+00 0.000000000000000000e+00
2.122672672672672789e+00 0.000000000000000000e+00
2.123273273273273531e+00 0.000000000000000000e+00
2.123873873873874274e+00 0.000000000000000000e+00
2.124474474474474572e+00 0.000000000000000000e+00
2.125075075075075315e+00 0.000000000000000000e+00
2.125675675675676057e+00 0.000000000000000000e+00
2.126276276276276356e+00 0.000000000000000000e+00
2.126876876876877098e+00 0.000000000000000000e+00
2.127477477477477841e+00 0.000000000000000000e+00
2.128078078078078139e+00 0.000000000000000000e+00
2.128678678678678882e+00 0.000000000000000000e+00
2.129279279279279624e+00 0.000000000000000000e+00
2.129879879879879923e+00 0.000000000000000000e+00
2.130480480480480665e+00 0.000000000000000000e+00
2.131081081081081408e+00 0.000000000000000000e+00
2.131681681681681706e+00 0.000000000000000000e+00
2.132282282282282448e+00 0.000000000000000000e+00
2.132882882882883191e+00 0.000000000000000000e+00
2.133483483483483489e+00 0.000000000000000000e+00
2.134084084084084232e+00 0.000000000000000000e+00
2.134684684684684974e+00 0.000000000000000000e+00
2.135285285285285717e+00 0.000000000000000000e+00
2.135885885885886015e+00 0.000000000000000000e+00
2.136486486486486758e+00 0.000000000000000000e+00
2.137087087087087500e+00 0.000000000000000000e+00
2.137687687687687799e+00 0.000000000000000000e+00
2.138288288288288541e+00 0.000000000000000000e+00
2.138888888888889284e+00 0.000000000000000000e+00
2.139489489489489582e+00 0.000000000000000000e+00
2.140090090090090325e+00 0.000000000000000000e+00
2.140690690690691067e+00 0.000000000000000000e+00
2.141291291291291365e+00 0.000000000000000000e+00
2.141891891891892108e+00 0.000000000000000000e+00
2.142492492492492850e+00 0.000000000000000000e+00
2.143093093093093149e+00 0.000000000000000000e+00
2.143693693693693891e+00 0.000000000000000000e+00
2.144294294294294634e+00 0.000000000000000000e+00
2.144894894894894932e+00 0.000000000000000000e+00
2.145495495495495675e+00 0.000000000000000000e+00
2.146096096096096417e+00 0.000000000000000000e+00
2.146696696696696716e+00 0.000000000000000000e+00
2.147297297297297458e+00 0.000000000000000000e+00
2.147897897897898201e+00 0.000000000000000000e+00
2.148498498498498499e+00 0.000000000000000000e+00
2.149099099099099242e+00 0.000000000000000000e+00
2.149699699699699984e+00 0.000000000000000000e+00
2.150300300300300727e+00 0.000000000000000000e+00
2.150900900900901025e+00 0.000000000000000000e+00
2.151501501501501767e+00 0.000000000000000000e+00
2.152102102102102510e+00 0.000000000000000000e+00
2.152702702702702808e+00 0.000000000000000000e+00
2.153303303303303551e+00 0.000000000000000000e+00
2.153903903903904293e+00 0.000000000000000000e+00
2.154504504504504592e+00 0.000000000000000000e+00
2.155105105105105334e+00 0.000000000000000000e+00
2.155705705705706077e+00 0.000000000000000000e+00
2.156306306306306375e+00 0.000000000000000000e+00
2.156906906906907118e+00 0.000000000000000000e+00
2.157507507507507860e+00 0.000000000000000000e+00
2.158108108108108159e+00 0.000000000000000000e+00
2.158708708708708901e+00 0.000000000000000000e+00
2.159309309309309644e+00 0.000000000000000000e+00
2.159909909909909942e+00 0.000000000000000000e+00
2.160510510510510684e+00 0.000000000000000000e+00
2.161111111111111427e+00 0.000000000000000000e+00
2.161711711711711725e+00 0.000000000000000000e+00
2.162312312312312468e+00 0.000000000000000000e+00
2.162912912912913210e+00 0.000000000000000000e+00
2.163513513513513509e+00 0.000000000000000000e+00
2.164114114114114251e+00 0.000000000000000000e+00
2.164714714714714994e+00 0.000000000000000000e+00
2.165315315315315736e+00 0.000000000000000000e+00
2.165915915915916035e+00 0.000000000000000000e+00
2.166516516516516777e+00 0.000000000000000000e+00
2.167117117117117520e+00 0.000000000000000000e+00
2.167717717717717818e+00 0.000000000000000000e+00
2.168318318318318561e+00 0.000000000000000000e+00
2.168918918918919303e+00 0.000000000000000000e+00
2.169519519519519601e+00 0.000000000000000000e+00
2.170120120120120344e+00 0.000000000000000000e+00
2.170720720720721086e+00 0.000000000000000000e+00
2.171321321321321385e+00 0.000000000000000000e+00
2.171921921921922127e+00 0.000000000000000000e+00
2.172522522522522870e+00 0.000000000000000000e+00
2.173123123123123168e+00 0.000000000000000000e+00
2.173723723723723911e+00 0.000000000000000000e+00
2.174324324324324653e+00 0.000000000000000000e+00
2.174924924924924952e+00 0.000000000000000000e+00
2.175525525525525694e+00 0.000000000000000000e+00
2.176126126126126437e+00 0.000000000000000000e+00
2.176726726726726735e+00 0.000000000000000000e+00
2.177327327327327477e+00 0.000000000000000000e+00
2.177927927927928220e+00 0.000000000000000000e+00
2.178528528528528518e+00 0.000000000000000000e+00
2.179129129129129261e+00 0.000000000000000000e+00
2.179729729729730003e+00 0.000000000000000000e+00
2.180330330330330746e+00 0.000000000000000000e+00
2.180930930930931044e+00 0.000000000000000000e+00
2.181531531531531787e+00 0.000000000000000000e+00
2.182132132132132085e+00 0.000000000000000000e+00
2.182732732732732828e+00 0.000000000000000000e+00
2.183333333333333570e+00 0.000000000000000000e+00
2.183933933933934313e+00 0.000000000000000000e+00
2.184534534534534611e+00 0.000000000000000000e+00
2.185135135135135354e+00 0.000000000000000000e+00
2.185735735735736096e+00 0.000000000000000000e+00
2.186336336336336394e+00 0.000000000000000000e+00
2.186936936936937137e+00 0.000000000000000000e+00
2.187537537537537879e+00 0.000000000000000000e+00
2.188138138138138178e+00 0.000000000000000000e+00
2.188738738738738920e+00 0.000000000000000000e+00
2.189339339339339663e+00 0.000000000000000000e+00
2.189939939939939961e+00 0.000000000000000000e+00
2.190540540540540704e+00 0.000000000000000000e+00
2.191141141141141446e+00 0.000000000000000000e+00
2.191741741741741745e+00 0.000000000000000000e+00
2.192342342342342487e+00 0.000000000000000000e+00
2.192942942942943230e+00 0.000000000000000000e+00
2.193543543543543528e+00 0.000000000000000000e+00
2.194144144144144271e+00 0.000000000000000000e+00
2.194744744744745013e+00 0.000000000000000000e+00
2.195345345345345756e+00 0.000000000000000000e+00
2.195945945945946054e+00 0.000000000000000000e+00
2.196546546546546796e+00 0.000000000000000000e+00
2.197147147147147095e+00 0.000000000000000000e+00
2.197747747747747837e+00 0.000000000000000000e+00
2.198348348348348580e+00 0.000000000000000000e+00
2.198948948948949322e+00 0.000000000000000000e+00
2.199549549549549621e+00 0.000000000000000000e+00
2.200150150150150363e+00 1.000000000000000000e+00
2.200750750750751106e+00 1.000000000000000000e+00
2.201351351351351404e+00 1.000000000000000000e+00
2.201951951951952147e+00 1.000000000000000000e+00
2.202552552552552889e+00 1.000000000000000000e+00
2.203153153153153188e+00 1.000000000000000000e+00
2.203753753753753930e+00 1.000000000000000000e+00
2.204354354354354673e+00 1.000000000000000000e+00
2.204954954954954971e+00 1.000000000000000000e+00
2.205555555555555713e+00 1.000000000000000000e+00
2.206156156156156456e+00 1.000000000000000000e+00
2.206756756756756754e+00 1.000000000000000000e+00
2.207357357357357497e+00 1.000000000000000000e+00
2.207957957957958239e+00 1.000000000000000000e+00
2.208558558558558538e+00 1.000000000000000000e+00
2.209159159159159280e+00 1.000000000000000000e+00
2.209759759759760023e+00 1.000000000000000000e+00
2.210360360360360765e+00 1.000000000000000000e+00
2.210960960960961064e+00 1.000000000000000000e+00
2.211561561561561806e+00 1.000000000000000000e+00
2.212162162162162105e+00 1.000000000000000000e+00
2.212762762762762847e+00 1.000000000000000000e+00
2.213363363363363590e+00 1.000000000000000000e+00
2.213963963963964332e+00 1.000000000000000000e+00
2.214564564564564630e+00 1.000000000000000000e+00
2.215165165165165373e+00 1.000000000000000000e+00
2.215765765765766115e+00 1.000000000000000000e+00
2.216366366366366414e+00 1.000000000000000000e+00
2.216966966966967156e+00 1.000000000000000000e+00
2.217567567567567899e+00 1.000000000000000000e+00
2.218168168168168197e+00 1.000000000000000000e+00
2.218768768768768940e+00 1.000000000000000000e+00
2.219369369369369682e+00 1.000000000000000000e+00
2.219969969969969981e+00 1.000000000000000000e+00
2.220570570570570723e+00 1.000000000000000000e+00
2.221171171171171466e+00 1.000000000000000000e+00
2.221771771771771764e+00 1.000000000000000000e+00
2.222372372372372507e+00 1.000000000000000000e+00
2.222972972972973249e+00 1.000000000000000000e+00
2.223573573573573547e+00 1.000000000000000000e+00
2.224174174174174290e+00 1.000000000000000000e+00
2.224774774774775032e+00 1.000000000000000000e+00
2.225375375375375775e+00 1.000000000000000000e+00
2.225975975975976073e+00 1.000000000000000000e+00
2.226576576576576816e+00 1.000000000000000000e+00
2.227177177177177114e+00 1.000000000000000000e+00
2.227777777777777857e+00 1.000000000000000000e+00
2.228378378378378599e+00 1.000000000000000000e+00
2.228978978978979342e+00 1.000000000000000000e+00
2.229579579579579640e+00 1.000000000000000000e+00
2.230180180180180383e+00 1.000000000000000000e+00
2.230780780780781125e+00 1.000000000000000000e+00
2.231381381381381424e+00 1.000000000000000000e+00
2.231981981981982166e+00 1.000000000000000000e+00
2.232582582582582909e+00 1.000000000000000000e+00
2.233183183183183207e+00 1.000000000000000000e+00
2.233783783783783949e+00 1.000000000000000000e+00
2.234384384384384692e+00 1.000000000000000000e+00
2.234984984984984990e+00 1.000000000000000000e+00
2.235585585585585733e+00 1.000000000000000000e+00
2.236186186186186475e+00 1.000000000000000000e+00
2.236786786786786774e+00 1.000000000000000000e+00
2.237387387387387516e+00 1.000000000000000000e+00
2.237987987987988259e+00 1.000000000000000000e+00
2.238588588588588557e+00 1.000000000000000000e+00
2.239189189189189300e+00 1.000000000000000000e+00
2.239789789789790042e+00 1.000000000000000000e+00
2.240390390390390341e+00 1.000000000000000000e+00
2.240990990990991083e+00 1.000000000000000000e+00
2.241591591591591826e+00 1.000000000000000000e+00
2.242192192192192124e+00 1.000000000000000000e+00
2.242792792792792866e+00 1.000000000000000000e+00
2.243393393393393609e+00 1.000000000000000000e+00
2.243993993993994351e+00 1.000000000000000000e+00
2.244594594594594650e+00 1.000000000000000000e+00
2.245195195195195392e+00 1.000000000000000000e+00
2.245795795795796135e+00 1.000000000000000000e+00
2.246396396396396433e+00 1.000000000000000000e+00
2.246996996996997176e+00 1.000000000000000000e+00
2.247597597597597918e+00 1.000000000000000000e+00
2.248198198198198217e+00 1.000000000000000000e+00
2.248798798798798959e+00 1.000000000000000000e+00
2.249399399399399702e+00 1.000000000000000000e+00
2.250000000000000000e+00 1.000000000000000000e+00
2.250600600600600742e+00 1.000000000000000000e+00
2.251201201201201485e+00 1.000000000000000000e+00
2.251801801801801783e+00 1.000000000000000000e+00
2.252402402402402526e+00 1.000000000000000000e+00
2.253003003003003268e+00 1.000000000000000000e+00
2.253603603603603567e+00 1.000000000000000000e+00
2.254204204204204309e+00 1.000000000000000000e+00
2.254804804804805052e+00 1.000000000000000000e+00
2.255405405405405350e+00 1.000000000000000000e+00
2.256006006006006093e+00 1.000000000000000000e+00
2.256606606606606835e+00 1.000000000000000000e+00
2.257207207207207134e+00 1.000000000000000000e+00
2.257807807807807876e+00 1.000000000000000000e+00
2.258408408408408619e+00 1.000000000000000000e+00
2.259009009009009361e+00 1.000000000000000000e+00
2.259609609609609659e+00 1.000000000000000000e+00
2.260210210210210402e+00 1.000000000000000000e+00
2.260810810810811144e+00 1.000000000000000000e+00
2.261411411411411443e+00 1.000000000000000000e+00
2.262012012012012185e+00 1.000000000000000000e+00
2.262612612612612928e+00 1.000000000000000000e+00
2.263213213213213226e+00 1.000000000000000000e+00
2.263813813813813969e+00 1.000000000000000000e+00
2.264414414414414711e+00 1.000000000000000000e+00
2.265015015015015010e+00 1.000000000000000000e+00
2.265615615615615752e+00 1.000000000000000000e+00
2.266216216216216495e+00 1.000000000000000000e+00
2.266816816816816793e+00 1.000000000000000000e+00
2.267417417417417536e+00 1.000000000000000000e+00
2.268018018018018278e+00 1.000000000000000000e+00
2.268618618618618576e+00 1.000000000000000000e+00
2.269219219219219319e+00 1.000000000000000000e+00
2.269819819819820061e+00 1.000000000000000000e+00
2.270420420420420360e+00 1.000000000000000000e+00
2.271021021021021102e+00 1.000000000000000000e+00
2.271621621621621845e+00 1.000000000000000000e+00
2.272222222222222143e+00 1.000000000000000000e+00
2.272822822822822886e+00 1.000000000000000000e+00
2.273423423423423628e+00 1.000000000000000000e+00
2.274024024024024371e+00 1.000000000000000000e+00
2.274624624624624669e+00 1.000000000000000000e+00
2.275225225225225412e+00 1.000000000000000000e+00
2.275825825825826154e+00 1.000000000000000000e+00
2.276426426426426453e+00 1.000000000000000000e+00
2.277027027027027195e+00 1.000000000000000000e+00
2.277627627627627938e+00 1.000000000000000000e+00
2.278228228228228236e+00 1.000000000000000000e+00
2.278828828828828978e+00 1.000000000000000000e+00
2.279429429429429721e+00 1.000000000000000000e+00
2.280030030030030019e+00 1.000000000000000000e+00
2.280630630630630762e+00 1.000000000000000000e+00
2.281231231231231504e+00 1.000000000000000000e+00
2.281831831831831803e+00 1.000000000000000000e+00
2.282432432432432545e+00 1.000000000000000000e+00
2.283033033033033288e+00 1.000000000000000000e+00
2.283633633633633586e+00 1.000000000000000000e+00
2.284234234234234329e+00 1.000000000000000000e+00
2.284834834834835071e+00 1.000000000000000000e+00
2.285435435435435370e+00 1.000000000000000000e+00
2.286036036036036112e+00 1.000000000000000000e+00
2.286636636636636855e+00 1.000000000000000000e+00
2.287237237237237153e+00 1.000000000000000000e+00
2.287837837837837895e+00 1.000000000000000000e+00
2.288438438438438638e+00 1.000000000000000000e+00
2.289039039039039380e+00 1.000000000000000000e+00
2.289639639639639679e+00 1.000000000000000000e+00
2.290240240240240421e+00 1.000000000000000000e+00
2.290840840840841164e+00 1.000000000000000000e+00
2.291441441441441462e+00 1.000000000000000000e+00
2.292042042042042205e+00 1.000000000000000000e+00
2.292642642642642947e+00 1.000000000000000000e+00
2.293243243243243246e+00 1.000000000000000000e+00
2.293843843843843988e+00 1.000000000000000000e+00
2.294444444444444731e+00 1.000000000000000000e+00
2.295045045045045029e+00 1.000000000000000000e+00
2.295645645645645772e+00 1.000000000000000000e+00
2.296246246246246514e+00 1.000000000000000000e+00
2.296846846846846812e+00 1.000000000000000000e+00
2.297447447447447555e+00 1.000000000000000000e+00
2.298048048048048297e+00 1.000000000000000000e+00
2.298648648648648596e+00 1.000000000000000000e+00
2.299249249249249338e+00 1.000000000000000000e+00
2.299849849849850081e+00 1.000000000000000000e+00
2.300450450450450379e+00 1.000000000000000000e+00
2.301051051051051122e+00 1.000000000000000000e+00
2.301651651651651864e+00 1.000000000000000000e+00
2.302252252252252163e+00 1.000000000000000000e+00
2.302852852852852905e+00 1.000000000000000000e+00
2.303453453453453648e+00 1.000000000000000000e+00
2.304054054054054390e+00 1.000000000000000000e+00
2.304654654654654689e+00 1.000000000000000000e+00
2.305255255255255431e+00 1.000000000000000000e+00
2.305855855855855729e+00 1.000000000000000000e+00
2.306456456456456472e+00 1.000000000000000000e+00
2.307057057057057214e+00 1.000000000000000000e+00
2.307657657657657957e+00 1.000000000000000000e+00
2.308258258258258255e+00 1.000000000000000000e+00
2.308858858858858998e+00 1.000000000000000000e+00
2.309459459459459740e+00 1.000000000000000000e+00
2.310060060060060039e+00 1.000000000000000000e+00
2.310660660660660781e+00 1.000000000000000000e+00
2.311261261261261524e+00 1.000000000000000000e+00
2.311861861861861822e+00 1.000000000000000000e+00
2.312462462462462565e+00 1.000000000000000000e+00
2.313063063063063307e+00 1.000000000000000000e+00
2.313663663663663606e+00 1.000000000000000000e+00
2.314264264264264348e+00 1.000000000000000000e+00
2.314864864864865091e+00 1.000000000000000000e+00
2.315465465465465389e+00 1.000000000000000000e+00
2.316066066066066131e+00 1.000000000000000000e+00
2.316666666666666874e+00 1.000000000000000000e+00
2.317267267267267172e+00 1.000000000000000000e+00
2.317867867867867915e+00 1.000000000000000000e+00
2.318468468468468657e+00 1.000000000000000000e+00
2.319069069069069400e+00 1.000000000000000000e+00
2.319669669669669698e+00 1.000000000000000000e+00
2.320270270270270441e+00 1.000000000000000000e+00
2.320870870870870739e+00 1.000000000000000000e+00
2.321471471471471482e+00 1.000000000000000000e+00
2.322072072072072224e+00 1.000000000000000000e+00
2.322672672672672967e+00 1.000000000000000000e+00
2.323273273273273265e+00 1.000000000000000000e+00
2.323873873873874008e+00 1.000000000000000000e+00
2.324474474474474750e+00 1.000000000000000000e+00
2.325075075075075048e+00 1.000000000000000000e+00
2.325675675675675791e+00 1.000000000000000000e+00
2.326276276276276533e+00 1.000000000000000000e+00
2.326876876876876832e+00 1.000000000000000000e+00
2.327477477477477574e+00 1.000000000000000000e+00
2.328078078078078317e+00 1.000000000000000000e+00
2.328678678678678615e+00 1.000000000000000000e+00
2.329279279279279358e+00 1.000000000000000000e+00
2.329879879879880100e+00 1.000000000000000000e+00
2.330480480480480399e+00 1.000000000000000000e+00
2.331081081081081141e+00 1.000000000000000000e+00
2.331681681681681884e+00 1.000000000000000000e+00
2.332282282282282182e+00 1.000000000000000000e+00
2.332882882882882924e+00 1.000000000000000000e+00
2.333483483483483667e+00 1.000000000000000000e+00
2.334084084084084409e+00 1.000000000000000000e+00
2.334684684684684708e+00 1.000000000000000000e+00
2.335285285285285450e+00 1.000000000000000000e+00
2.335885885885885749e+00 1.000000000000000000e+00
2.336486486486486491e+00 1.000000000000000000e+00
2.337087087087087234e+00 1.000000000000000000e+00
2.337687687687687976e+00 1.000000000000000000e+00
2.338288288288288275e+00 1.000000000000000000e+00
2.338888888888889017e+00 1.000000000000000000e+00
2.339489489489489760e+00 1.000000000000000000e+00
2.340090090090090058e+00 1.000000000000000000e+00
2.340690690690690801e+00 1.000000000000000000e+00
2.341291291291291543e+00 1.000000000000000000e+00
2.341891891891891841e+00 1.000000000000000000e+00
2.342492492492492584e+00 1.000000000000000000e+00
2.343093093093093326e+00 1.000000000000000000e+00
2.343693693693693625e+00 1.000000000000000000e+00
2.344294294294294367e+00 1.000000000000000000e+00
2.344894894894895110e+00 1.000000000000000000e+00
2.345495495495495408e+00 1.000000000000000000e+00
2.346096096096096151e+00 1.000000000000000000e+00
2.346696696696696893e+00 1.000000000000000000e+00
2.347297297297297192e+00 1.000000000000000000e+00
2.347897897897897934e+00 1.000000000000000000e+00
2.348498498498498677e+00 1.000000000000000000e+00
2.349099099099099419e+00 1.000000000000000000e+00
2.349699699699699718e+00 1.000000000000000000e+00
2.350300300300300460e+00 1.000000000000000000e+00
2.350900900900900758e+00 1.000000000000000000e+00
2.351501501501501501e+00 1.000000000000000000e+00
2.352102102102102243e+00 1.000000000000000000e+00
2.352702702702702986e+00 1.000000000000000000e+00
2.353303303303303284e+00 1.000000000000000000e+00
2.353903903903904027e+00 1.000000000000000000e+00
2.354504504504504769e+00 1.000000000000000000e+00
2.355105105105105068e+00 1.000000000000000000e+00
2.355705705705705810e+00 1.000000000000000000e+00
2.356306306306306553e+00 1.000000000000000000e+00
2.356906906906906851e+00 1.000000000000000000e+00
2.357507507507507594e+00 1.000000000000000000e+00
2.358108108108108336e+00 1.000000000000000000e+00
2.358708708708708635e+00 1.000000000000000000e+00
2.359309309309309377e+00 1.000000000000000000e+00
2.359909909909910120e+00 1.000000000000000000e+00
2.360510510510510418e+00 1.000000000000000000e+00
2.361111111111111160e+00 1.000000000000000000e+00
2.361711711711711903e+00 1.000000000000000000e+00
2.362312312312312201e+00 1.000000000000000000e+00
2.362912912912912944e+00 1.000000000000000000e+00
2.363513513513513686e+00 1.000000000000000000e+00
2.364114114114114429e+00 1.000000000000000000e+00
2.364714714714714727e+00 1.000000000000000000e+00
2.365315315315315470e+00 1.000000000000000000e+00
2.365915915915915768e+00 1.000000000000000000e+00
2.366516516516516511e+00 1.000000000000000000e+00
2.367117117117117253e+00 1.000000000000000000e+00
2.367717717717717996e+00 1.000000000000000000e+00
2.368318318318318294e+00 1.000000000000000000e+00
2.368918918918919037e+00 1.000000000000000000e+00
2.369519519519519779e+00 1.000000000000000000e+00
2.370120120120120077e+00 1.000000000000000000e+00
2.370720720720720820e+00 1.000000000000000000e+00
2.371321321321321562e+00 1.000000000000000000e+00
2.371921921921921861e+00 1.000000000000000000e+00
2.372522522522522603e+00 1.000000000000000000e+00
2.373123123123123346e+00 1.000000000000000000e+00
2.373723723723723644e+00 1.000000000000000000e+00
2.374324324324324387e+00 1.000000000000000000e+00
2.374924924924925129e+00 1.000000000000000000e+00
2.375525525525525428e+00 1.000000000000000000e+00
2.376126126126126170e+00 1.000000000000000000e+00
2.376726726726726913e+00 1.000000000000000000e+00
2.377327327327327211e+00 1.000000000000000000e+00
2.377927927927927954e+00 1.000000000000000000e+00
2.378528528528528696e+00 1.000000000000000000e+00
2.379129129129129439e+00 1.000000000000000000e+00
2.379729729729729737e+00 1.000000000000000000e+00
2.380330330330330479e+00 1.000000000000000000e+00
2.380930930930930778e+00 1.000000000000000000e+00
2.381531531531531520e+00 1.000000000000000000e+00
2.382132132132132263e+00 1.000000000000000000e+00
2.382732732732733005e+00 1.000000000000000000e+00
2.383333333333333304e+00 1.000000000000000000e+00
2.383933933933934046e+00 1.000000000000000000e+00
2.384534534534534789e+00 1.000000000000000000e+00
2.385135135135135087e+00 1.000000000000000000e+00
2.385735735735735830e+00 1.000000000000000000e+00
2.386336336336336572e+00 1.000000000000000000e+00
2.386936936936936871e+00 1.000000000000000000e+00
2.387537537537537613e+00 1.000000000000000000e+00
2.388138138138138356e+00 1.000000000000000000e+00
2.388738738738738654e+00 1.000000000000000000e+00
2.389339339339339396e+00 1.000000000000000000e+00
2.389939939939940139e+00 1.000000000000000000e+00
2.390540540540540437e+00 1.000000000000000000e+00
2.391141141141141180e+00 1.000000000000000000e+00
2.391741741741741922e+00 1.000000000000000000e+00
2.392342342342342221e+00 1.000000000000000000e+00
2.392942942942942963e+00 1.000000000000000000e+00
2.393543543543543706e+00 1.000000000000000000e+00
2.394144144144144448e+00 1.000000000000000000e+00
2.394744744744744747e+00 1.000000000000000000e+00
2.395345345345345489e+00 1.000000000000000000e+00
2.395945945945945788e+00 1.000000000000000000e+00
2.396546546546546530e+00 1.000000000000000000e+00
2.397147147147147273e+00 1.000000000000000000e+00
2.397747747747748015e+00 1.000000000000000000e+00
2.398348348348348313e+00 1.000000000000000000e+00
2.398948948948949056e+00 1.000000000000000000e+00
2.399549549549549798e+00 1.000000000000000000e+00
2.400150150150150097e+00 1.000000000000000000e+00
2.400750750750750839e+00 1.000000000000000000e+00
2.401351351351351582e+00 1.000000000000000000e+00
2.401951951951951880e+00 1.000000000000000000e+00
2.402552552552552623e+00 1.000000000000000000e+00
2.403153153153153365e+00 1.000000000000000000e+00
2.403753753753753664e+00 1.000000000000000000e+00
2.404354354354354406e+00 1.000000000000000000e+00
2.404954954954955149e+00 1.000000000000000000e+00
2.405555555555555447e+00 1.000000000000000000e+00
2.406156156156156189e+00 1.000000000000000000e+00
2.406756756756756932e+00 1.000000000000000000e+00
2.407357357357357230e+00 1.000000000000000000e+00
2.407957957957957973e+00 1.000000000000000000e+00
2.408558558558558715e+00 1.000000000000000000e+00
2.409159159159159458e+00 1.000000000000000000e+00
2.409759759759759756e+00 1.000000000000000000e+00
2.410360360360360499e+00 1.000000000000000000e+00
2.410960960960960797e+00 1.000000000000000000e+00
2.411561561561561540e+00 1.000000000000000000e+00
2.412162162162162282e+00 1.000000000000000000e+00
2.412762762762763025e+00 1.000000000000000000e+00
2.413363363363363323e+00 1.000000000000000000e+00
2.413963963963964066e+00 1.000000000000000000e+00
2.414564564564564808e+00 1.000000000000000000e+00
2.415165165165165106e+00 1.000000000000000000e+00
2.415765765765765849e+00 1.000000000000000000e+00
2.416366366366366591e+00 1.000000000000000000e+00
2.416966966966966890e+00 1.000000000000000000e+00
2.417567567567567632e+00 1.000000000000000000e+00
2.418168168168168375e+00 1.000000000000000000e+00
2.418768768768768673e+00 1.000000000000000000e+00
2.419369369369369416e+00 1.000000000000000000e+00
2.419969969969970158e+00 1.000000000000000000e+00
2.420570570570570457e+00 1.000000000000000000e+00
2.421171171171171199e+00 1.000000000000000000e+00
2.421771771771771942e+00 1.000000000000000000e+00
2.422372372372372240e+00 1.000000000000000000e+00
2.422972972972972983e+00 1.000000000000000000e+00
2.423573573573573725e+00 1.000000000000000000e+00
2.424174174174174468e+00 1.000000000000000000e+00
2.424774774774774766e+00 1.000000000000000000e+00
2.425375375375375508e+00 1.000000000000000000e+00
2.425975975975975807e+00 1.000000000000000000e+00
2.426576576576576549e+00 1.000000000000000000e+00
2.427177177177177292e+00 1.000000000000000000e+00
2.427777777777778034e+00 1.000000000000000000e+00
2.428378378378378333e+00 1.000000000000000000e+00
2.428978978978979075e+00 1.000000000000000000e+00
2.429579579579579374e+00 1.000000000000000000e+00
2.430180180180180116e+00 1.000000000000000000e+00
2.430780780780780859e+00 1.000000000000000000e+00
2.431381381381381601e+00 1.000000000000000000e+00
2.431981981981981900e+00 1.000000000000000000e+00
2.432582582582582642e+00 1.000000000000000000e+00
2.433183183183183385e+00 1.000000000000000000e+00
2.433783783783783683e+00 1.000000000000000000e+00
2.434384384384384425e+00 1.000000000000000000e+00
2.434984984984985168e+00 1.000000000000000000e+00
2.435585585585585466e+00 1.000000000000000000e+00
2.436186186186186209e+00 1.000000000000000000e+00
2.436786786786786951e+00 1.000000000000000000e+00
2.437387387387387250e+00 1.000000000000000000e+00
2.437987987987987992e+00 1.000000000000000000e+00
2.438588588588588735e+00 1.000000000000000000e+00
2.439189189189189477e+00 1.000000000000000000e+00
2.439789789789789776e+00 1.000000000000000000e+00
2.440390390390390518e+00 1.000000000000000000e+00
2.440990990990990817e+00 1.000000000000000000e+00
2.441591591591591559e+00 1.000000000000000000e+00
2.442192192192192302e+00 1.000000000000000000e+00
2.442792792792793044e+00 1.000000000000000000e+00
2.443393393393393342e+00 1.000000000000000000e+00
2.443993993993994085e+00 1.000000000000000000e+00
2.444594594594594383e+00 1.000000000000000000e+00
2.445195195195195126e+00 1.000000000000000000e+00
2.445795795795795868e+00 1.000000000000000000e+00
2.446396396396396611e+00 1.000000000000000000e+00
2.446996996996996909e+00 1.000000000000000000e+00
2.447597597597597652e+00 1.000000000000000000e+00
2.448198198198198394e+00 1.000000000000000000e+00
2.448798798798798693e+00 1.000000000000000000e+00
2.449399399399399435e+00 1.000000000000000000e+00
2.450000000000000178e+00 1.000000000000000000e+00
2.450600600600600476e+00 1.000000000000000000e+00
2.451201201201201219e+00 1.000000000000000000e+00
2.451801801801801961e+00 1.000000000000000000e+00
2.452402402402402259e+00 1.000000000000000000e+00
2.453003003003003002e+00 1.000000000000000000e+00
2.453603603603603744e+00 1.000000000000000000e+00
2.454204204204204043e+00 1.000000000000000000e+00
2.454804804804804785e+00 1.000000000000000000e+00
2.455405405405405528e+00 1.000000000000000000e+00
2.456006006006005826e+00 1.000000000000000000e+00
2.456606606606606569e+00 1.000000000000000000e+00
2.457207207207207311e+00 1.000000000000000000e+00
2.457807807807808054e+00 1.000000000000000000e+00
2.458408408408408352e+00 1.000000000000000000e+00
2.459009009009009095e+00 1.000000000000000000e+00
2.459609609609609393e+00 1.000000000000000000e+00
2.460210210210210136e+00 1.000000000000000000e+00
2.460810810810810878e+00 1.000000000000000000e+00
2.461411411411411621e+00 1.000000000000000000e+00
2.462012012012011919e+00 1.000000000000000000e+00
2.462612612612612661e+00 1.000000000000000000e+00
2.463213213213213404e+00 1.000000000000000000e+00
2.463813813813813702e+00 1.000000000000000000e+00
2.464414414414414445e+00 1.000000000000000000e+00
2.465015015015015187e+00 1.000000000000000000e+00
2.465615615615615486e+00 1.000000000000000000e+00
2.466216216216216228e+00 1.000000000000000000e+00
2.466816816816816971e+00 1.000000000000000000e+00
2.467417417417417269e+00 1.000000000000000000e+00
2.468018018018018012e+00 1.000000000000000000e+00
2.468618618618618754e+00 1.000000000000000000e+00
2.469219219219219053e+00 1.000000000000000000e+00
2.469819819819819795e+00 1.000000000000000000e+00
2.470420420420420538e+00 1.000000000000000000e+00
2.471021021021020836e+00 1.000000000000000000e+00
2.471621621621621578e+00 1.000000000000000000e+00
2.472222222222222321e+00 1.000000000000000000e+00
2.472822822822823063e+00 1.000000000000000000e+00
2.473423423423423362e+00 1.000000000000000000e+00
2.474024024024024104e+00 1.000000000000000000e+00
2.474624624624624403e+00 1.000000000000000000e+00
2.475225225225225145e+00 1.000000000000000000e+00
2.475825825825825888e+00 1.000000000000000000e+00
2.476426426426426630e+00 1.000000000000000000e+00
2.477027027027026929e+00 1.000000000000000000e+00
2.477627627627627671e+00 1.000000000000000000e+00
2.478228228228228414e+00 1.000000000000000000e+00
2.478828828828828712e+00 1.000000000000000000e+00
2.479429429429429455e+00 1.000000000000000000e+00
2.480030030030030197e+00 1.000000000000000000e+00
2.480630630630630495e+00 1.000000000000000000e+00
2.481231231231231238e+00 1.000000000000000000e+00
2.481831831831831980e+00 1.000000000000000000e+00
2.482432432432432279e+00 1.000000000000000000e+00
2.483033033033033021e+00 1.000000000000000000e+00
2.483633633633633764e+00 1.000000000000000000e+00
2.484234234234234062e+00 1.000000000000000000e+00
2.484834834834834805e+00 1.000000000000000000e+00
2.485435435435435547e+00 1.000000000000000000e+00
2.486036036036035846e+00 1.000000000000000000e+00
2.486636636636636588e+00 1.000000000000000000e+00
2.487237237237237331e+00 1.000000000000000000e+00
2.487837837837838073e+00 1.000000000000000000e+00
2.488438438438438371e+00 1.000000000000000000e+00
2.489039039039039114e+00 1.000000000000000000e+00
2.489639639639639412e+00 1.000000000000000000e+00
2.490240240240240155e+00 1.000000000000000000e+00
2.490840840840840897e+00 1.000000000000000000e+00
2.491441441441441640e+00 1.000000000000000000e+00
2.492042042042041938e+00 1.000000000000000000e+00
2.492642642642642681e+00 1.000000000000000000e+00
2.493243243243243423e+00 1.000000000000000000e+00
2.493843843843843722e+00 1.000000000000000000e+00
2.494444444444444464e+00 1.000000000000000000e+00
2.495045045045045207e+00 1.000000000000000000e+00
2.495645645645645505e+00 1.000000000000000000e+00
2.496246246246246248e+00 1.000000000000000000e+00
2.496846846846846990e+00 1.000000000000000000e+00
2.497447447447447288e+00 1.000000000000000000e+00
2.498048048048048031e+00 1.000000000000000000e+00
2.498648648648648773e+00 1.000000000000000000e+00
2.499249249249249072e+00 1.000000000000000000e+00
2.499849849849849814e+00 1.000000000000000000e+00
2.500450450450450557e+00 0.000000000000000000e+00
2.501051051051050855e+00 0.000000000000000000e+00
2.501651651651651598e+00 0.000000000000000000e+00
2.502252252252252340e+00 0.000000000000000000e+00
2.502852852852853083e+00 0.000000000000000000e+00
2.503453453453453381e+00 0.000000000000000000e+00
2.504054054054054124e+00 0.000000000000000000e+00
2.504654654654654422e+00 0.000000000000000000e+00
2.505255255255255165e+00 0.000000000000000000e+00
2.505855855855855907e+00 0.000000000000000000e+00
2.506456456456456650e+00 0.000000000000000000e+00
2.507057057057056948e+00 0.000000000000000000e+00
2.507657657657657690e+00 0.000000000000000000e+00
2.508258258258258433e+00 0.000000000000000000e+00
2.508858858858858731e+00 0.000000000000000000e+00
2.509459459459459474e+00 0.000000000000000000e+00
2.510060060060060216e+00 0.000000000000000000e+00
2.510660660660660515e+00 0.000000000000000000e+00
2.511261261261261257e+00 0.000000000000000000e+00
2.511861861861862000e+00 0.000000000000000000e+00
2.512462462462462298e+00 0.000000000000000000e+00
2.513063063063063041e+00 0.000000000000000000e+00
2.513663663663663783e+00 0.000000000000000000e+00
2.514264264264264082e+00 0.000000000000000000e+00
2.514864864864864824e+00 0.000000000000000000e+00
2.515465465465465567e+00 0.000000000000000000e+00
2.516066066066065865e+00 0.000000000000000000e+00
2.516666666666666607e+00 0.000000000000000000e+00
2.517267267267267350e+00 0.000000000000000000e+00
2.517867867867868092e+00 0.000000000000000000e+00
2.518468468468468391e+00 0.000000000000000000e+00
2.519069069069069133e+00 0.000000000000000000e+00
2.519669669669669432e+00 0.000000000000000000e+00
2.520270270270270174e+00 0.000000000000000000e+00
2.520870870870870917e+00 0.000000000000000000e+00
2.521471471471471659e+00 0.000000000000000000e+00
2.522072072072071958e+00 0.000000000000000000e+00
2.522672672672672700e+00 0.000000000000000000e+00
2.523273273273273443e+00 0.000000000000000000e+00
2.523873873873873741e+00 0.000000000000000000e+00
2.524474474474474484e+00 0.000000000000000000e+00
2.525075075075075226e+00 0.000000000000000000e+00
2.525675675675675524e+00 0.000000000000000000e+00
2.526276276276276267e+00 0.000000000000000000e+00
2.526876876876877009e+00 0.000000000000000000e+00
2.527477477477477308e+00 0.000000000000000000e+00
2.528078078078078050e+00 0.000000000000000000e+00
2.528678678678678793e+00 0.000000000000000000e+00
2.529279279279279091e+00 0.000000000000000000e+00
2.529879879879879834e+00 0.000000000000000000e+00
2.530480480480480576e+00 0.000000000000000000e+00
2.531081081081080875e+00 0.000000000000000000e+00
2.531681681681681617e+00 0.000000000000000000e+00
2.532282282282282360e+00 0.000000000000000000e+00
2.532882882882883102e+00 0.000000000000000000e+00
2.533483483483483401e+00 0.000000000000000000e+00
2.534084084084084143e+00 0.000000000000000000e+00
2.534684684684684441e+00 0.000000000000000000e+00
2.535285285285285184e+00 0.000000000000000000e+00
2.535885885885885926e+00 0.000000000000000000e+00
2.536486486486486669e+00 0.000000000000000000e+00
2.537087087087086967e+00 0.000000000000000000e+00
2.537687687687687710e+00 0.000000000000000000e+00
2.538288288288288452e+00 0.000000000000000000e+00
2.538888888888888751e+00 0.000000000000000000e+00
2.539489489489489493e+00 0.000000000000000000e+00
2.540090090090090236e+00 0.000000000000000000e+00
2.540690690690690534e+00 0.000000000000000000e+00
2.541291291291291277e+00 0.000000000000000000e+00
2.541891891891892019e+00 0.000000000000000000e+00
2.542492492492492318e+00 0.000000000000000000e+00
2.543093093093093060e+00 0.000000000000000000e+00
2.543693693693693803e+00 0.000000000000000000e+00
2.544294294294294101e+00 0.000000000000000000e+00
2.544894894894894843e+00 0.000000000000000000e+00
2.545495495495495586e+00 0.000000000000000000e+00
2.546096096096095884e+00 0.000000000000000000e+00
2.546696696696696627e+00 0.000000000000000000e+00
2.547297297297297369e+00 0.000000000000000000e+00
2.547897897897898112e+00 0.000000000000000000e+00
2.548498498498498410e+00 0.000000000000000000e+00
2.549099099099099153e+00 0.000000000000000000e+00
2.549699699699699451e+00 0.000000000000000000e+00
2.550300300300300194e+00 0.000000000000000000e+00
2.550900900900900936e+00 0.000000000000000000e+00
2.551501501501501679e+00 0.000000000000000000e+00
2.552102102102101977e+00 0.000000000000000000e+00
2.552702702702702720e+00 0.000000000000000000e+00
2.553303303303303018e+00 0.000000000000000000e+00
2.553903903903903760e+00 0.000000000000000000e+00
2.554504504504504503e+00 0.000000000000000000e+00
2.555105105105105245e+00 0.000000000000000000e+00
2.555705705705705544e+00 0.000000000000000000e+00
2.556306306306306286e+00 0.000000000000000000e+00
2.556906906906907029e+00 0.000000000000000000e+00
2.557507507507507327e+00 0.000000000000000000e+00
2.558108108108108070e+00 0.000000000000000000e+00
2.558708708708708812e+00 0.000000000000000000e+00
2.559309309309309555e+00 0.000000000000000000e+00
2.559909909909909853e+00 0.000000000000000000e+00
2.560510510510510596e+00 0.000000000000000000e+00
2.561111111111110894e+00 0.000000000000000000e+00
2.561711711711711636e+00 0.000000000000000000e+00
2.562312312312312379e+00 0.000000000000000000e+00
2.562912912912913121e+00 0.000000000000000000e+00
2.563513513513513420e+00 0.000000000000000000e+00
2.564114114114114162e+00 0.000000000000000000e+00
2.564714714714714461e+00 0.000000000000000000e+00
2.565315315315315203e+00 0.000000000000000000e+00
2.565915915915915946e+00 0.000000000000000000e+00
2.566516516516516688e+00 0.000000000000000000e+00
2.567117117117116987e+00 0.000000000000000000e+00
2.567717717717717729e+00 0.000000000000000000e+00
2.568318318318318028e+00 0.000000000000000000e+00
2.568918918918918770e+00 0.000000000000000000e+00
2.569519519519519513e+00 0.000000000000000000e+00
2.570120120120120255e+00 0.000000000000000000e+00
2.570720720720720553e+00 0.000000000000000000e+00
2.571321321321321296e+00 0.000000000000000000e+00
2.571921921921922038e+00 0.000000000000000000e+00
2.572522522522522337e+00 0.000000000000000000e+00
2.573123123123123079e+00 0.000000000000000000e+00
2.573723723723723822e+00 0.000000000000000000e+00
2.574324324324324120e+00 0.000000000000000000e+00
2.574924924924924863e+00 0.000000000000000000e+00
2.575525525525525605e+00 0.000000000000000000e+00
2.576126126126125904e+00 0.000000000000000000e+00
2.576726726726726646e+00 0.000000000000000000e+00
2.577327327327327389e+00 0.000000000000000000e+00
2.577927927927928131e+00 0.000000000000000000e+00
2.578528528528528430e+00 0.000000000000000000e+00
2.579129129129129172e+00 0.000000000000000000e+00
2.579729729729729470e+00 0.000000000000000000e+00
2.580330330330330213e+00 0.000000000000000000e+00
2.580930930930930955e+00 0.000000000000000000e+00
2.581531531531531698e+00 0.000000000000000000e+00
2.582132132132131996e+00 0.000000000000000000e+00
2.582732732732732739e+00 0.000000000000000000e+00
2.583333333333333037e+00 0.000000000000000000e+00
2.583933933933933780e+00 0.000000000000000000e+00
2.584534534534534522e+00 0.000000000000000000e+00
2.585135135135135265e+00 0.000000000000000000e+00
2.585735735735735563e+00 0.000000000000000000e+00
2.586336336336336306e+00 0.000000000000000000e+00
2.586936936936937048e+00 0.000000000000000000e+00
2.587537537537537347e+00 0.000000000000000000e+00
2.588138138138138089e+00 0.000000000000000000e+00
2.588738738738738832e+00 0.000000000000000000e+00
2.589339339339339130e+00 0.000000000000000000e+00
2.589939939939939872e+00 0.000000000000000000e+00
2.590540540540540615e+00 0.000000000000000000e+00
2.591141141141140913e+00 0.000000000000000000e+00
2.591741741741741656e+00 0.000000000000000000e+00
2.592342342342342398e+00 0.000000000000000000e+00
2.592942942942943141e+00 0.000000000000000000e+00
2.593543543543543439e+00 0.000000000000000000e+00
2.594144144144144182e+00 0.000000000000000000e+00
2.594744744744744480e+00 0.000000000000000000e+00
2.595345345345345223e+00 0.000000000000000000e+00
2.595945945945945965e+00 0.000000000000000000e+00
2.596546546546546708e+00 0.000000000000000000e+00
2.597147147147147006e+00 0.000000000000000000e+00
2.597747747747747749e+00 0.000000000000000000e+00
2.598348348348348047e+00 0.000000000000000000e+00
2.598948948948948789e+00 0.000000000000000000e+00
2.599549549549549532e+00 0.000000000000000000e+00
2.600150150150150274e+00 0.000000000000000000e+00
2.600750750750750573e+00 0.000000000000000000e+00
2.601351351351351315e+00 0.000000000000000000e+00
2.601951951951952058e+00 0.000000000000000000e+00
2.602552552552552356e+00 0.000000000000000000e+00
2.603153153153153099e+00 0.000000000000000000e+00
2.603753753753753841e+00 0.000000000000000000e+00
2.604354354354354140e+00 0.000000000000000000e+00
2.604954954954954882e+00 0.000000000000000000e+00
2.605555555555555625e+00 0.000000000000000000e+00
2.606156156156155923e+00 0.000000000000000000e+00
2.606756756756756666e+00 0.000000000000000000e+00
2.607357357357357408e+00 0.000000000000000000e+00
2.607957957957958151e+00 0.000000000000000000e+00
2.608558558558558449e+00 0.000000000000000000e+00
2.609159159159159191e+00 0.000000000000000000e+00
2.609759759759759490e+00 0.000000000000000000e+00
2.610360360360360232e+00 0.000000000000000000e+00
2.610960960960960975e+00 0.000000000000000000e+00
2.611561561561561717e+00 0.000000000000000000e+00
2.612162162162162016e+00 0.000000000000000000e+00
2.612762762762762758e+00 0.000000000000000000e+00
2.613363363363363057e+00 0.000000000000000000e+00
2.613963963963963799e+00 0.000000000000000000e+00
2.614564564564564542e+00 0.000000000000000000e+00
2.615165165165165284e+00 0.000000000000000000e+00
2.615765765765765583e+00 0.000000000000000000e+00
2.616366366366366325e+00 0.000000000000000000e+00
2.616966966966966623e+00 0.000000000000000000e+00
2.617567567567567366e+00 0.000000000000000000e+00
2.618168168168168108e+00 0.000000000000000000e+00
2.618768768768768851e+00 0.000000000000000000e+00
2.619369369369369149e+00 0.000000000000000000e+00
2.619969969969969892e+00 0.000000000000000000e+00
2.620570570570570634e+00 0.000000000000000000e+00
2.621171171171170933e+00 0.000000000000000000e+00
2.621771771771771675e+00 0.000000000000000000e+00
2.622372372372372418e+00 0.000000000000000000e+00
2.622972972972973160e+00 0.000000000000000000e+00
2.623573573573573459e+00 0.000000000000000000e+00
2.624174174174174201e+00 0.000000000000000000e+00
2.624774774774774500e+00 0.000000000000000000e+00
2.625375375375375242e+00 0.000000000000000000e+00
2.625975975975975985e+00 0.000000000000000000e+00
2.626576576576576727e+00 0.000000000000000000e+00
2.627177177177177025e+00 0.000000000000000000e+00
2.627777777777777768e+00 0.000000000000000000e+00
2.628378378378378066e+00 0.000000000000000000e+00
2.628978978978978809e+00 0.000000000000000000e+00
2.629579579579579551e+00 0.000000000000000000e+00
2.630180180180180294e+00 0.000000000000000000e+00
2.630780780780780592e+00 0.000000000000000000e+00
2.631381381381381335e+00 0.000000000000000000e+00
2.631981981981981633e+00 0.000000000000000000e+00
2.632582582582582376e+00 0.000000000000000000e+00
2.633183183183183118e+00 0.000000000000000000e+00
2.633783783783783861e+00 0.000000000000000000e+00
2.634384384384384159e+00 0.000000000000000000e+00
2.634984984984984902e+00 0.000000000000000000e+00
2.635585585585585644e+00 0.000000000000000000e+00
2.636186186186185942e+00 0.000000000000000000e+00
2.636786786786786685e+00 0.000000000000000000e+00
2.637387387387387427e+00 0.000000000000000000e+00
2.637987987987988170e+00 0.000000000000000000e+00
2.638588588588588468e+00 0.000000000000000000e+00
2.639189189189189211e+00 0.000000000000000000e+00
2.639789789789789509e+00 0.000000000000000000e+00
2.640390390390390252e+00 0.000000000000000000e+00
2.640990990990990994e+00 0.000000000000000000e+00
2.641591591591591737e+00 0.000000000000000000e+00
2.642192192192192035e+00 0.000000000000000000e+00
2.642792792792792778e+00 0.000000000000000000e+00
2.643393393393393076e+00 0.000000000000000000e+00
2.643993993993993818e+00 0.000000000000000000e+00
2.644594594594594561e+00 0.000000000000000000e+00
2.645195195195195303e+00 0.000000000000000000e+00
2.645795795795795602e+00 0.000000000000000000e+00
2.646396396396396344e+00 0.000000000000000000e+00
2.646996996996996643e+00 0.000000000000000000e+00
2.647597597597597385e+00 0.000000000000000000e+00
2.648198198198198128e+00 0.000000000000000000e+00
2.648798798798798870e+00 0.000000000000000000e+00
2.649399399399399169e+00 0.000000000000000000e+00
2.649999999999999911e+00 0.000000000000000000e+00
