1.149999999999999911e+00 0.000000000000000000e+00
1.150600600600600432e+00 0.000000000000000000e+00
1.151201201201201174e+00 0.000000000000000000e+00
1.151801801801801695e+00 0.000000000000000000e+00
1.152402402402402215e+00 0.000000000000000000e+00
1.153003003003002958e+00 0.000000000000000000e+00
1.153603603603603478e+00 0.000000000000000000e+00
1.154204204204204220e+00 0.000000000000000000e+00
1.154804804804804741e+00 0.000000000000000000e+00
1.155405405405405261e+00 0.000000000000000000e+00
1.156006006006006004e+00 0.000000000000000000e+00
1.156606606606606524e+00 0.000000000000000000e+00
1.157207207207207045e+00 0.000000000000000000e+00
1.157807807807807787e+00 0.000000000000000000e+00
1.158408408408408308e+00 0.000000000000000000e+00
1.159009009009008828e+00 0.000000000000000000e+00
1.159609609609609571e+00 0.000000000000000000e+00
1.160210210210210091e+00 0.000000000000000000e+00
1.160810810810810612e+00 0.000000000000000000e+00
1.161411411411411354e+00 0.000000000000000000e+00
1.162012012012011875e+00 0.000000000000000000e+00
1.162612612612612617e+00 0.000000000000000000e+00
1.163213213213213137e+00 0.000000000000000000e+00
1.163813813813813658e+00 0.000000000000000000e+00
1.164414414414414400e+00 0.000000000000000000e+00
1.165015015015014921e+00 0.000000000000000000e+00
1.165615615615615441e+00 0.000000000000000000e+00
1.166216216216216184e+00 0.000000000000000000e+00
1.166816816816816704e+00 0.000000000000000000e+00
1.167417417417417225e+00 0.000000000000000000e+00
1.168018018018017967e+00 0.000000000000000000e+00
1.168618618618618488e+00 0.000000000000000000e+00
1.169219219219219230e+00 0.000000000000000000e+00
1.169819819819819751e+00 0.000000000000000000e+00
1.170420420420420271e+00 0.000000000000000000e+00
1.171021021021021014e+00 0.000000000000000000e+00
1.171621621621621534e+00 0.000000000000000000e+00
1.172222222222222054e+00 0.000000000000000000e+00
1.172822822822822797e+00 0.000000000000000000e+00
1.173423423423423317e+00 0.000000000000000000e+00
1.174024024024023838e+00 0.000000000000000000e+00
1.174624624624624580e+00 0.000000000000000000e+00
1.175225225225225101e+00 0.000000000000000000e+00
1.175825825825825843e+00 0.000000000000000000e+00
1.176426426426426364e+00 0.000000000000000000e+00
1.177027027027026884e+00 0.000000000000000000e+00
1.177627627627627627e+00 0.000000000000000000e+00
1.178228228228228147e+00 0.000000000000000000e+00
1.178828828828828668e+00 0.000000000000000000e+00
1.179429429429429410e+00 0.000000000000000000e+00
1.180030030030029931e+00 0.000000000000000000e+00
1.180630630630630451e+00 0.000000000000000000e+00
1.181231231231231193e+00 0.000000000000000000e+00
1.181831831831831714e+00 0.000000000000000000e+00
1.182432432432432456e+00 0.000000000000000000e+00
1.183033033033032977e+00 0.000000000000000000e+00
1.183633633633633497e+00 0.000000000000000000e+00
1.184234234234234240e+00 0.000000000000000000e+00
1.184834834834834760e+00 0.000000000000000000e+00
1.185435435435435281e+00 0.000000000000000000e+00
1.186036036036036023e+00 0.000000000000000000e+00
1.186636636636636544e+00 0.000000000000000000e+00
1.187237237237237064e+00 0.000000000000000000e+00
1.187837837837837807e+00 0.000000000000000000e+00
1.188438438438438327e+00 0.000000000000000000e+00
1.189039039039038848e+00 0.000000000000000000e+00
1.189639639639639590e+00 0.000000000000000000e+00
1.190240240240240110e+00 0.000000000000000000e+00
1.190840840840840853e+00 0.000000000000000000e+00
1.191441441441441373e+00 0.000000000000000000e+00
1.192042042042041894e+00 0.000000000000000000e+00
1.192642642642642636e+00 0.000000000000000000e+00
1.193243243243243157e+00 0.000000000000000000e+00
1.193843843843843677e+00 0.000000000000000000e+00
1.194444444444444420e+00 0.000000000000000000e+00
1.195045045045044940e+00 0.000000000000000000e+00
1.195645645645645461e+00 0.000000000000000000e+00
1.196246246246246203e+00 0.000000000000000000e+00
1.196846846846846724e+00 0.000000000000000000e+00
1.197447447447447466e+00 0.000000000000000000e+00
1.198048048048047987e+00 0.000000000000000000e+00
1.198648648648648507e+00 0.000000000000000000e+00
1.199249249249249250e+00 0.000000000000000000e+00
1.199849849849849770e+00 0.000000000000000000e+00
1.200450450450450290e+00 0.000000000000000000e+00
1.201051051051051033e+00 0.000000000000000000e+00
1.201651651651651553e+00 0.000000000000000000e+00
1.202252252252252074e+00 0.000000000000000000e+00
1.202852852852852816e+00 0.000000000000000000e+00
1.203453453453453337e+00 0.000000000000000000e+00
1.204054054054054079e+00 0.000000000000000000e+00
1.204654654654654600e+00 0.000000000000000000e+00
1.205255255255255120e+00 0.000000000000000000e+00
1.205855855855855863e+00 0.000000000000000000e+00
1.206456456456456383e+00 0.000000000000000000e+00
1.207057057057056904e+00 0.000000000000000000e+00
1.207657657657657646e+00 0.000000000000000000e+00
1.208258258258258167e+00 0.000000000000000000e+00
1.208858858858858687e+00 0.000000000000000000e+00
1.209459459459459429e+00 0.000000000000000000e+00
1.210060060060059950e+00 0.000000000000000000e+00
1.210660660660660692e+00 0.000000000000000000e+00
1.211261261261261213e+00 0.000000000000000000e+00
1.211861861861861733e+00 0.000000000000000000e+00
1.212462462462462476e+00 0.000000000000000000e+00
1.213063063063062996e+00 0.000000000000000000e+00
1.213663663663663517e+00 0.000000000000000000e+00
1.214264264264264259e+00 0.000000000000000000e+00
1.214864864864864780e+00 0.000000000000000000e+00
1.215465465465465300e+00 0.000000000000000000e+00
1.216066066066066043e+00 0.000000000000000000e+00
1.216666666666666563e+00 0.000000000000000000e+00
1.217267267267267083e+00 0.000000000000000000e+00
1.217867867867867826e+00 0.000000000000000000e+00
1.218468468468468346e+00 0.000000000000000000e+00
1.219069069069069089e+00 0.000000000000000000e+00
1.219669669669669609e+00 0.000000000000000000e+00
1.220270270270270130e+00 0.000000000000000000e+00
1.220870870870870872e+00 0.000000000000000000e+00
1.221471471471471393e+00 0.000000000000000000e+00
1.222072072072071913e+00 0.000000000000000000e+00
1.222672672672672656e+00 0.000000000000000000e+00
1.223273273273273176e+00 0.000000000000000000e+00
1.223873873873873697e+00 0.000000000000000000e+00
1.224474474474474439e+00 0.000000000000000000e+00
1.225075075075074960e+00 0.000000000000000000e+00
1.225675675675675702e+00 0.000000000000000000e+00
1.226276276276276223e+00 0.000000000000000000e+00
1.226876876876876743e+00 0.000000000000000000e+00
1.227477477477477485e+00 0.000000000000000000e+00
1.228078078078078006e+00 0.000000000000000000e+00
1.228678678678678526e+00 0.000000000000000000e+00
1.229279279279279269e+00 0.000000000000000000e+00
1.229879879879879789e+00 0.000000000000000000e+00
1.230480480480480310e+00 0.000000000000000000e+00
1.231081081081081052e+00 0.000000000000000000e+00
1.231681681681681573e+00 0.000000000000000000e+00
1.232282282282282093e+00 0.000000000000000000e+00
1.232882882882882836e+00 0.000000000000000000e+00
1.233483483483483356e+00 0.000000000000000000e+00
1.234084084084084099e+00 0.000000000000000000e+00
1.234684684684684619e+00 0.000000000000000000e+00
1.235285285285285140e+00 0.000000000000000000e+00
1.235885885885885882e+00 0.000000000000000000e+00
1.236486486486486402e+00 0.000000000000000000e+00
1.237087087087086923e+00 0.000000000000000000e+00
1.237687687687687665e+00 0.000000000000000000e+00
1.238288288288288186e+00 0.000000000000000000e+00
1.238888888888888928e+00 0.000000000000000000e+00
1.239489489489489449e+00 0.000000000000000000e+00
1.240090090090089969e+00 0.000000000000000000e+00
1.240690690690690712e+00 0.000000000000000000e+00
1.241291291291291232e+00 0.000000000000000000e+00
1.241891891891891753e+00 0.000000000000000000e+00
1.242492492492492495e+00 0.000000000000000000e+00
1.243093093093093016e+00 0.000000000000000000e+00
1.243693693693693536e+00 0.000000000000000000e+00
1.244294294294294279e+00 0.000000000000000000e+00
1.244894894894894799e+00 0.000000000000000000e+00
1.245495495495495319e+00 0.000000000000000000e+00
1.246096096096096062e+00 0.000000000000000000e+00
1.246696696696696582e+00 0.000000000000000000e+00
1.247297297297297325e+00 0.000000000000000000e+00
1.247897897897897845e+00 0.000000000000000000e+00
1.248498498498498366e+00 0.000000000000000000e+00
1.249099099099099108e+00 0.000000000000000000e+00
1.249699699699699629e+00 0.000000000000000000e+00
1.250300300300300149e+00 0.000000000000000000e+00
1.250900900900900892e+00 0.000000000000000000e+00
1.251501501501501412e+00 0.000000000000000000e+00
1.252102102102101933e+00 0.000000000000000000e+00
1.252702702702702675e+00 0.000000000000000000e+00
1.253303303303303196e+00 0.000000000000000000e+00
1.253903903903903938e+00 0.000000000000000000e+00
1.254504504504504458e+00 0.000000000000000000e+00
1.255105105105104979e+00 0.000000000000000000e+00
1.255705705705705721e+00 0.000000000000000000e+00
1.256306306306306242e+00 0.000000000000000000e+00
1.256906906906906762e+00 0.000000000000000000e+00
1.257507507507507505e+00 0.000000000000000000e+00
1.258108108108108025e+00 0.000000000000000000e+00
1.258708708708708546e+00 0.000000000000000000e+00
1.259309309309309288e+00 0.000000000000000000e+00
1.259909909909909809e+00 0.000000000000000000e+00
1.260510510510510329e+00 0.000000000000000000e+00
1.261111111111111072e+00 0.000000000000000000e+00
1.261711711711711592e+00 0.000000000000000000e+00
1.262312312312312335e+00 0.000000000000000000e+00
1.262912912912912855e+00 0.000000000000000000e+00
1.263513513513513375e+00 0.000000000000000000e+00
1.264114114114114118e+00 0.000000000000000000e+00
1.264714714714714638e+00 0.000000000000000000e+00
1.265315315315315159e+00 0.000000000000000000e+00
1.265915915915915901e+00 0.000000000000000000e+00
1.266516516516516422e+00 0.000000000000000000e+00
1.267117117117116942e+00 0.000000000000000000e+00
1.267717717717717685e+00 0.000000000000000000e+00
1.268318318318318205e+00 0.000000000000000000e+00
1.268918918918918948e+00 0.000000000000000000e+00
1.269519519519519468e+00 0.000000000000000000e+00
1.270120120120119989e+00 0.000000000000000000e+00
1.270720720720720731e+00 0.000000000000000000e+00
1.271321321321321252e+00 0.000000000000000000e+00
1.271921921921921772e+00 0.000000000000000000e+00
1.272522522522522515e+00 0.000000000000000000e+00
1.273123123123123035e+00 0.000000000000000000e+00
1.273723723723723555e+00 0.000000000000000000e+00
1.274324324324324298e+00 0.000000000000000000e+00
1.274924924924924818e+00 0.000000000000000000e+00
1.275525525525525339e+00 0.000000000000000000e+00
1.276126126126126081e+00 0.000000000000000000e+00
1.276726726726726602e+00 0.000000000000000000e+00
1.277327327327327344e+00 0.000000000000000000e+00
1.277927927927927865e+00 0.000000000000000000e+00
1.278528528528528385e+00 0.000000000000000000e+00
1.279129129129129128e+00 0.000000000000000000e+00
1.279729729729729648e+00 0.000000000000000000e+00
1.280330330330330169e+00 0.000000000000000000e+00
1.280930930930930911e+00 0.000000000000000000e+00
1.281531531531531432e+00 0.000000000000000000e+00
1.282132132132132174e+00 0.000000000000000000e+00
1.282732732732732694e+00 0.000000000000000000e+00
1.283333333333333215e+00 0.000000000000000000e+00
1.283933933933933957e+00 0.000000000000000000e+00
1.284534534534534478e+00 0.000000000000000000e+00
1.285135135135134998e+00 0.000000000000000000e+00
1.285735735735735741e+00 0.000000000000000000e+00
1.286336336336336261e+00 0.000000000000000000e+00
1.286936936936936782e+00 0.000000000000000000e+00
1.287537537537537524e+00 0.000000000000000000e+00
1.288138138138138045e+00 0.000000000000000000e+00
1.288738738738738565e+00 0.000000000000000000e+00
1.289339339339339308e+00 0.000000000000000000e+00
1.289939939939939828e+00 0.000000000000000000e+00
1.290540540540540349e+00 0.000000000000000000e+00
1.291141141141141091e+00 0.000000000000000000e+00
1.291741741741741611e+00 0.000000000000000000e+00
1.292342342342342354e+00 0.000000000000000000e+00
1.292942942942942874e+00 0.000000000000000000e+00
1.293543543543543395e+00 0.000000000000000000e+00
1.294144144144144137e+00 0.000000000000000000e+00
1.294744744744744658e+00 0.000000000000000000e+00
1.295345345345345400e+00 0.000000000000000000e+00
1.295945945945945921e+00 0.000000000000000000e+00
1.296546546546546441e+00 0.000000000000000000e+00
1.297147147147147184e+00 0.000000000000000000e+00
1.297747747747747704e+00 0.000000000000000000e+00
1.298348348348348225e+00 0.000000000000000000e+00
1.298948948948948967e+00 0.000000000000000000e+00
1.299549549549549488e+00 0.000000000000000000e+00
1.300150150150150008e+00 1.000000000000000000e+00
1.300750750750750750e+00 1.000000000000000000e+00
1.301351351351351271e+00 1.000000000000000000e+00
1.301951951951951791e+00 1.000000000000000000e+00
1.302552552552552534e+00 1.000000000000000000e+00
1.303153153153153054e+00 1.000000000000000000e+00
1.303753753753753575e+00 1.000000000000000000e+00
1.304354354354354317e+00 1.000000000000000000e+00
1.304954954954954838e+00 1.000000000000000000e+00
1.305555555555555580e+00 1.000000000000000000e+00
1.306156156156156101e+00 1.000000000000000000e+00
1.306756756756756621e+00 1.000000000000000000e+00
1.307357357357357364e+00 1.000000000000000000e+00
1.307957957957957884e+00 1.000000000000000000e+00
1.308558558558558405e+00 1.000000000000000000e+00
1.309159159159159147e+00 1.000000000000000000e+00
1.309759759759759667e+00 1.000000000000000000e+00
1.310360360360360410e+00 1.000000000000000000e+00
1.310960960960960930e+00 1.000000000000000000e+00
1.311561561561561451e+00 1.000000000000000000e+00
1.312162162162162193e+00 1.000000000000000000e+00
1.312762762762762714e+00 1.000000000000000000e+00
1.313363363363363234e+00 1.000000000000000000e+00
1.313963963963963977e+00 1.000000000000000000e+00
1.314564564564564497e+00 1.000000000000000000e+00
1.315165165165165018e+00 1.000000000000000000e+00
1.315765765765765760e+00 1.000000000000000000e+00
1.316366366366366281e+00 1.000000000000000000e+00
1.316966966966966801e+00 1.000000000000000000e+00
1.317567567567567544e+00 1.000000000000000000e+00
1.318168168168168064e+00 1.000000000000000000e+00
1.318768768768768584e+00 1.000000000000000000e+00
1.319369369369369327e+00 1.000000000000000000e+00
1.319969969969969847e+00 1.000000000000000000e+00
1.320570570570570590e+00 1.000000000000000000e+00
1.321171171171171110e+00 1.000000000000000000e+00
1.321771771771771631e+00 1.000000000000000000e+00
1.322372372372372373e+00 1.000000000000000000e+00
1.322972972972972894e+00 1.000000000000000000e+00
1.323573573573573414e+00 1.000000000000000000e+00
1.324174174174174157e+00 1.000000000000000000e+00
1.324774774774774677e+00 1.000000000000000000e+00
1.325375375375375420e+00 1.000000000000000000e+00
1.325975975975975940e+00 1.000000000000000000e+00
1.326576576576576461e+00 1.000000000000000000e+00
1.327177177177177203e+00 1.000000000000000000e+00
1.327777777777777724e+00 1.000000000000000000e+00
1.328378378378378244e+00 1.000000000000000000e+00
1.328978978978978986e+00 1.000000000000000000e+00
1.329579579579579507e+00 1.000000000000000000e+00
1.330180180180180027e+00 1.000000000000000000e+00
1.330780780780780770e+00 1.000000000000000000e+00
1.331381381381381290e+00 1.000000000000000000e+00
1.331981981981981811e+00 1.000000000000000000e+00
1.332582582582582553e+00 1.000000000000000000e+00
1.333183183183183074e+00 1.000000000000000000e+00
1.333783783783783816e+00 1.000000000000000000e+00
1.334384384384384337e+00 1.000000000000000000e+00
1.334984984984984857e+00 1.000000000000000000e+00
1.335585585585585600e+00 1.000000000000000000e+00
1.336186186186186120e+00 1.000000000000000000e+00
1.336786786786786640e+00 1.000000000000000000e+00
1.337387387387387383e+00 1.000000000000000000e+00
1.337987987987987903e+00 1.000000000000000000e+00
1.338588588588588646e+00 1.000000000000000000e+00
1.339189189189189166e+00 1.000000000000000000e+00
1.339789789789789687e+00 1.000000000000000000e+00
1.340390390390390429e+00 1.000000000000000000e+00
1.340990990990990950e+00 1.000000000000000000e+00
1.341591591591591470e+00 1.000000000000000000e+00
1.342192192192192213e+00 1.000000000000000000e+00
1.342792792792792733e+00 1.000000000000000000e+00
1.343393393393393254e+00 1.000000000000000000e+00
1.343993993993993996e+00 1.000000000000000000e+00
1.344594594594594517e+00 1.000000000000000000e+00
1.345195195195195037e+00 1.000000000000000000e+00
1.345795795795795780e+00 1.000000000000000000e+00
1.346396396396396300e+00 1.000000000000000000e+00
1.346996996996996820e+00 1.000000000000000000e+00
1.347597597597597563e+00 1.000000000000000000e+00
1.348198198198198083e+00 1.000000000000000000e+00
1.348798798798798826e+00 1.000000000000000000e+00
1.349399399399399346e+00 1.000000000000000000e+00
1.349999999999999867e+00 1.000000000000000000e+00
1.350600600600600609e+00 1.000000000000000000e+00
1.351201201201201130e+00 1.000000000000000000e+00
1.351801801801801650e+00 1.000000000000000000e+00
1.352402402402402393e+00 1.000000000000000000e+00
1.353003003003002913e+00 1.000000000000000000e+00
1.353603603603603656e+00 1.000000000000000000e+00
1.354204204204204176e+00 1.000000000000000000e+00
1.354804804804804697e+00 1.000000000000000000e+00
1.355405405405405439e+00 1.000000000000000000e+00
1.356006006006005959e+00 1.000000000000000000e+00
1.356606606606606480e+00 1.000000000000000000e+00
1.357207207207207222e+00 1.000000000000000000e+00
1.357807807807807743e+00 1.000000000000000000e+00
1.358408408408408263e+00 1.000000000000000000e+00
1.359009009009009006e+00 1.000000000000000000e+00
1.359609609609609526e+00 1.000000000000000000e+00
1.360210210210210047e+00 1.000000000000000000e+00
1.360810810810810789e+00 1.000000000000000000e+00
1.361411411411411310e+00 1.000000000000000000e+00
1.362012012012011830e+00 1.000000000000000000e+00
1.362612612612612573e+00 1.000000000000000000e+00
1.363213213213213093e+00 1.000000000000000000e+00
1.363813813813813836e+00 1.000000000000000000e+00
1.364414414414414356e+00 1.000000000000000000e+00
1.365015015015014876e+00 1.000000000000000000e+00
1.365615615615615619e+00 1.000000000000000000e+00
1.366216216216216139e+00 1.000000000000000000e+00
1.366816816816816882e+00 1.000000000000000000e+00
1.367417417417417402e+00 1.000000000000000000e+00
1.368018018018017923e+00 1.000000000000000000e+00
1.368618618618618665e+00 1.000000000000000000e+00
1.369219219219219186e+00 1.000000000000000000e+00
1.369819819819819706e+00 1.000000000000000000e+00
1.370420420420420449e+00 1.000000000000000000e+00
1.371021021021020969e+00 1.000000000000000000e+00
1.371621621621621490e+00 1.000000000000000000e+00
1.372222222222222232e+00 1.000000000000000000e+00
1.372822822822822753e+00 1.000000000000000000e+00
1.373423423423423273e+00 1.000000000000000000e+00
1.374024024024024015e+00 1.000000000000000000e+00
1.374624624624624536e+00 1.000000000000000000e+00
1.375225225225225056e+00 1.000000000000000000e+00
1.375825825825825799e+00 1.000000000000000000e+00
1.376426426426426319e+00 1.000000000000000000e+00
1.377027027027027062e+00 1.000000000000000000e+00
1.377627627627627582e+00 1.000000000000000000e+00
1.378228228228228103e+00 1.000000000000000000e+00
1.378828828828828845e+00 1.000000000000000000e+00
1.379429429429429366e+00 1.000000000000000000e+00
1.380030030030029886e+00 1.000000000000000000e+00
1.380630630630630629e+00 1.000000000000000000e+00
1.381231231231231149e+00 1.000000000000000000e+00
1.381831831831831892e+00 1.000000000000000000e+00
1.382432432432432412e+00 1.000000000000000000e+00
1.383033033033032932e+00 1.000000000000000000e+00
1.383633633633633675e+00 1.000000000000000000e+00
1.384234234234234195e+00 1.000000000000000000e+00
1.384834834834834716e+00 1.000000000000000000e+00
1.385435435435435458e+00 1.000000000000000000e+00
1.386036036036035979e+00 1.000000000000000000e+00
1.386636636636636499e+00 1.000000000000000000e+00
1.387237237237237242e+00 1.000000000000000000e+00
1.387837837837837762e+00 1.000000000000000000e+00
1.388438438438438283e+00 1.000000000000000000e+00
1.389039039039039025e+00 1.000000000000000000e+00
1.389639639639639546e+00 1.000000000000000000e+00
1.390240240240240066e+00 1.000000000000000000e+00
1.390840840840840809e+00 1.000000000000000000e+00
1.391441441441441329e+00 1.000000000000000000e+00
1.392042042042042072e+00 1.000000000000000000e+00
1.392642642642642592e+00 1.000000000000000000e+00
1.393243243243243112e+00 1.000000000000000000e+00
1.393843843843843855e+00 1.000000000000000000e+00
1.394444444444444375e+00 1.000000000000000000e+00
1.395045045045044896e+00 1.000000000000000000e+00
1.395645645645645638e+00 1.000000000000000000e+00
1.396246246246246159e+00 1.000000000000000000e+00
1.396846846846846901e+00 1.000000000000000000e+00
1.397447447447447422e+00 1.000000000000000000e+00
1.398048048048047942e+00 1.000000000000000000e+00
1.398648648648648685e+00 1.000000000000000000e+00
1.399249249249249205e+00 1.000000000000000000e+00
1.399849849849849726e+00 1.000000000000000000e+00
1.400450450450450468e+00 1.000000000000000000e+00
1.401051051051050989e+00 1.000000000000000000e+00
1.401651651651651509e+00 1.000000000000000000e+00
1.402252252252252251e+00 1.000000000000000000e+00
1.402852852852852772e+00 1.000000000000000000e+00
1.403453453453453292e+00 1.000000000000000000e+00
1.404054054054054035e+00 1.000000000000000000e+00
1.404654654654654555e+00 1.000000000000000000e+00
1.405255255255255076e+00 1.000000000000000000e+00
1.405855855855855818e+00 1.000000000000000000e+00
1.406456456456456339e+00 1.000000000000000000e+00
1.407057057057057081e+00 1.000000000000000000e+00
1.407657657657657602e+00 1.000000000000000000e+00
1.408258258258258122e+00 1.000000000000000000e+00
1.408858858858858865e+00 1.000000000000000000e+00
1.409459459459459385e+00 1.000000000000000000e+00
1.410060060060060128e+00 1.000000000000000000e+00
1.410660660660660648e+00 1.000000000000000000e+00
1.411261261261261168e+00 1.000000000000000000e+00
1.411861861861861911e+00 1.000000000000000000e+00
1.412462462462462431e+00 1.000000000000000000e+00
1.413063063063062952e+00 1.000000000000000000e+00
1.413663663663663694e+00 1.000000000000000000e+00
1.414264264264264215e+00 1.000000000000000000e+00
1.414864864864864735e+00 1.000000000000000000e+00
1.415465465465465478e+00 1.000000000000000000e+00
1.416066066066065998e+00 1.000000000000000000e+00
1.416666666666666519e+00 1.000000000000000000e+00
1.417267267267267261e+00 1.000000000000000000e+00
1.417867867867867782e+00 1.000000000000000000e+00
1.418468468468468302e+00 1.000000000000000000e+00
1.419069069069069045e+00 1.000000000000000000e+00
1.419669669669669565e+00 1.000000000000000000e+00
1.420270270270270085e+00 1.000000000000000000e+00
1.420870870870870828e+00 1.000000000000000000e+00
1.421471471471471348e+00 1.000000000000000000e+00
1.422072072072072091e+00 1.000000000000000000e+00
1.422672672672672611e+00 1.000000000000000000e+00
1.423273273273273354e+00 1.000000000000000000e+00
1.423873873873873874e+00 1.000000000000000000e+00
1.424474474474474395e+00 1.000000000000000000e+00
1.425075075075075137e+00 1.000000000000000000e+00
1.425675675675675658e+00 1.000000000000000000e+00
1.426276276276276178e+00 1.000000000000000000e+00
1.426876876876876921e+00 1.000000000000000000e+00
1.427477477477477441e+00 1.000000000000000000e+00
1.428078078078077962e+00 1.000000000000000000e+00
1.428678678678678704e+00 1.000000000000000000e+00
1.429279279279279224e+00 1.000000000000000000e+00
1.429879879879879745e+00 1.000000000000000000e+00
1.430480480480480487e+00 1.000000000000000000e+00
1.431081081081081008e+00 1.000000000000000000e+00
1.431681681681681528e+00 1.000000000000000000e+00
1.432282282282282271e+00 1.000000000000000000e+00
1.432882882882882791e+00 1.000000000000000000e+00
1.433483483483483312e+00 1.000000000000000000e+00
1.434084084084084054e+00 1.000000000000000000e+00
1.434684684684684575e+00 1.000000000000000000e+00
1.435285285285285317e+00 1.000000000000000000e+00
1.435885885885885838e+00 1.000000000000000000e+00
1.436486486486486358e+00 1.000000000000000000e+00
1.437087087087087101e+00 1.000000000000000000e+00
1.437687687687687621e+00 1.000000000000000000e+00
1.438288288288288364e+00 1.000000000000000000e+00
1.438888888888888884e+00 1.000000000000000000e+00
1.439489489489489404e+00 1.000000000000000000e+00
1.440090090090090147e+00 1.000000000000000000e+00
1.440690690690690667e+00 1.000000000000000000e+00
1.441291291291291188e+00 1.000000000000000000e+00
1.441891891891891930e+00 1.000000000000000000e+00
1.442492492492492451e+00 1.000000000000000000e+00
1.443093093093092971e+00 1.000000000000000000e+00
1.443693693693693714e+00 1.000000000000000000e+00
1.444294294294294234e+00 1.000000000000000000e+00
1.444894894894894755e+00 1.000000000000000000e+00
1.445495495495495497e+00 1.000000000000000000e+00
1.446096096096096018e+00 1.000000000000000000e+00
1.446696696696696538e+00 1.000000000000000000e+00
1.447297297297297280e+00 1.000000000000000000e+00
1.447897897897897801e+00 1.000000000000000000e+00
1.448498498498498321e+00 1.000000000000000000e+00
1.449099099099099064e+00 1.000000000000000000e+00
1.449699699699699584e+00 1.000000000000000000e+00
1.450300300300300327e+00 1.000000000000000000e+00
1.450900900900900847e+00 1.000000000000000000e+00
1.451501501501501590e+00 1.000000000000000000e+00
1.452102102102102110e+00 1.000000000000000000e+00
1.452702702702702631e+00 1.000000000000000000e+00
1.453303303303303373e+00 1.000000000000000000e+00
1.453903903903903894e+00 1.000000000000000000e+00
1.454504504504504414e+00 1.000000000000000000e+00
1.455105105105105157e+00 1.000000000000000000e+00
1.455705705705705677e+00 1.000000000000000000e+00
1.456306306306306197e+00 1.000000000000000000e+00
1.456906906906906940e+00 1.000000000000000000e+00
1.457507507507507460e+00 1.000000000000000000e+00
1.458108108108107981e+00 1.000000000000000000e+00
1.458708708708708723e+00 1.000000000000000000e+00
1.459309309309309244e+00 1.000000000000000000e+00
1.459909909909909764e+00 1.000000000000000000e+00
1.460510510510510507e+00 1.000000000000000000e+00
1.461111111111111027e+00 1.000000000000000000e+00
1.461711711711711548e+00 1.000000000000000000e+00
1.462312312312312290e+00 1.000000000000000000e+00
1.462912912912912811e+00 1.000000000000000000e+00
1.463513513513513331e+00 1.000000000000000000e+00
1.464114114114114074e+00 1.000000000000000000e+00
1.464714714714714594e+00 1.000000000000000000e+00
1.465315315315315337e+00 1.000000000000000000e+00
1.465915915915915857e+00 1.000000000000000000e+00
1.466516516516516599e+00 1.000000000000000000e+00
1.467117117117117120e+00 1.000000000000000000e+00
1.467717717717717640e+00 1.000000000000000000e+00
1.468318318318318383e+00 1.000000000000000000e+00
1.468918918918918903e+00 1.000000000000000000e+00
1.469519519519519424e+00 1.000000000000000000e+00
1.470120120120120166e+00 1.000000000000000000e+00
1.470720720720720687e+00 1.000000000000000000e+00
1.471321321321321207e+00 1.000000000000000000e+00
1.471921921921921950e+00 1.000000000000000000e+00
1.472522522522522470e+00 1.000000000000000000e+00
1.473123123123122991e+00 1.000000000000000000e+00
1.473723723723723733e+00 1.000000000000000000e+00
1.474324324324324254e+00 1.000000000000000000e+00
1.474924924924924774e+00 1.000000000000000000e+00
1.475525525525525516e+00 1.000000000000000000e+00
1.476126126126126037e+00 1.000000000000000000e+00
1.476726726726726557e+00 1.000000000000000000e+00
1.477327327327327300e+00 1.000000000000000000e+00
1.477927927927927820e+00 1.000000000000000000e+00
1.478528528528528563e+00 1.000000000000000000e+00
1.479129129129129083e+00 1.000000000000000000e+00
1.479729729729729604e+00 1.000000000000000000e+00
1.480330330330330346e+00 1.000000000000000000e+00
1.480930930930930867e+00 1.000000000000000000e+00
1.481531531531531609e+00 1.000000000000000000e+00
1.482132132132132130e+00 1.000000000000000000e+00
1.482732732732732650e+00 1.000000000000000000e+00
1.483333333333333393e+00 1.000000000000000000e+00
1.483933933933933913e+00 1.000000000000000000e+00
1.484534534534534433e+00 1.000000000000000000e+00
1.485135135135135176e+00 1.000000000000000000e+00
1.485735735735735696e+00 1.000000000000000000e+00
1.486336336336336217e+00 1.000000000000000000e+00
1.486936936936936959e+00 1.000000000000000000e+00
1.487537537537537480e+00 1.000000000000000000e+00
1.488138138138138000e+00 1.000000000000000000e+00
1.488738738738738743e+00 1.000000000000000000e+00
1.489339339339339263e+00 1.000000000000000000e+00
1.489939939939939784e+00 1.000000000000000000e+00
1.490540540540540526e+00 1.000000000000000000e+00
1.491141141141141047e+00 1.000000000000000000e+00
1.491741741741741567e+00 1.000000000000000000e+00
1.492342342342342310e+00 1.000000000000000000e+00
1.492942942942942830e+00 1.000000000000000000e+00
1.493543543543543572e+00 1.000000000000000000e+00
1.494144144144144093e+00 1.000000000000000000e+00
1.494744744744744835e+00 1.000000000000000000e+00
1.495345345345345356e+00 1.000000000000000000e+00
1.495945945945945876e+00 1.000000000000000000e+00
1.496546546546546619e+00 1.000000000000000000e+00
1.497147147147147139e+00 1.000000000000000000e+00
1.497747747747747660e+00 1.000000000000000000e+00
1.498348348348348402e+00 1.000000000000000000e+00
1.498948948948948923e+00 1.000000000000000000e+00
1.499549549549549443e+00 1.000000000000000000e+00
1.500150150150150186e+00 1.000000000000000000e+00
1.500750750750750706e+00 1.000000000000000000e+00
1.501351351351351227e+00 1.000000000000000000e+00
1.501951951951951969e+00 1.000000000000000000e+00
1.502552552552552489e+00 1.000000000000000000e+00
1.503153153153153010e+00 1.000000000000000000e+00
1.503753753753753752e+00 1.000000000000000000e+00
1.504354354354354273e+00 1.000000000000000000e+00
1.504954954954954793e+00 1.000000000000000000e+00
1.505555555555555536e+00 1.000000000000000000e+00
1.506156156156156056e+00 1.000000000000000000e+00
1.506756756756756799e+00 1.000000000000000000e+00
1.507357357357357319e+00 1.000000000000000000e+00
1.507957957957957840e+00 1.000000000000000000e+00
1.508558558558558582e+00 1.000000000000000000e+00
1.509159159159159103e+00 1.000000000000000000e+00
1.509759759759759845e+00 1.000000000000000000e+00
1.510360360360360366e+00 1.000000000000000000e+00
1.510960960960960886e+00 1.000000000000000000e+00
1.511561561561561629e+00 1.000000000000000000e+00
1.512162162162162149e+00 1.000000000000000000e+00
1.512762762762762669e+00 1.000000000000000000e+00
1.513363363363363412e+00 1.000000000000000000e+00
1.513963963963963932e+00 1.000000000000000000e+00
1.514564564564564453e+00 1.000000000000000000e+00
1.515165165165165195e+00 1.000000000000000000e+00
1.515765765765765716e+00 1.000000000000000000e+00
1.516366366366366236e+00 1.000000000000000000e+00
1.516966966966966979e+00 1.000000000000000000e+00
1.517567567567567499e+00 1.000000000000000000e+00
1.518168168168168020e+00 1.000000000000000000e+00
1.518768768768768762e+00 1.000000000000000000e+00
1.519369369369369283e+00 1.000000000000000000e+00
1.519969969969969803e+00 1.000000000000000000e+00
1.520570570570570545e+00 1.000000000000000000e+00
1.521171171171171066e+00 1.000000000000000000e+00
1.521771771771771808e+00 1.000000000000000000e+00
1.522372372372372329e+00 1.000000000000000000e+00
1.522972972972973071e+00 1.000000000000000000e+00
1.523573573573573592e+00 1.000000000000000000e+00
1.524174174174174112e+00 1.000000000000000000e+00
1.524774774774774855e+00 1.000000000000000000e+00
1.525375375375375375e+00 1.000000000000000000e+00
1.525975975975975896e+00 1.000000000000000000e+00
1.526576576576576638e+00 1.000000000000000000e+00
1.527177177177177159e+00 1.000000000000000000e+00
1.527777777777777679e+00 1.000000000000000000e+00
1.528378378378378422e+00 1.000000000000000000e+00
1.528978978978978942e+00 1.000000000000000000e+00
1.529579579579579462e+00 1.000000000000000000e+00
1.530180180180180205e+00 1.000000000000000000e+00
1.530780780780780725e+00 1.000000000000000000e+00
1.531381381381381246e+00 1.000000000000000000e+00
1.531981981981981988e+00 1.000000000000000000e+00
1.532582582582582509e+00 1.000000000000000000e+00
1.533183183183183029e+00 1.000000000000000000e+00
1.533783783783783772e+00 1.000000000000000000e+00
1.534384384384384292e+00 1.000000000000000000e+00
1.534984984984984813e+00 1.000000000000000000e+00
1.535585585585585555e+00 1.000000000000000000e+00
1.536186186186186076e+00 1.000000000000000000e+00
1.536786786786786818e+00 1.000000000000000000e+00
1.537387387387387339e+00 1.000000000000000000e+00
1.537987987987988081e+00 1.000000000000000000e+00
1.538588588588588602e+00 1.000000000000000000e+00
1.539189189189189122e+00 1.000000000000000000e+00
1.539789789789789864e+00 1.000000000000000000e+00
1.540390390390390385e+00 1.000000000000000000e+00
1.540990990990990905e+00 1.000000000000000000e+00
1.541591591591591648e+00 1.000000000000000000e+00
1.542192192192192168e+00 1.000000000000000000e+00
1.542792792792792689e+00 1.000000000000000000e+00
1.543393393393393431e+00 1.000000000000000000e+00
1.543993993993993952e+00 1.000000000000000000e+00
1.544594594594594472e+00 1.000000000000000000e+00
1.545195195195195215e+00 1.000000000000000000e+00
1.545795795795795735e+00 1.000000000000000000e+00
1.546396396396396256e+00 1.000000000000000000e+00
1.546996996996996998e+00 1.000000000000000000e+00
1.547597597597597519e+00 1.000000000000000000e+00
1.548198198198198039e+00 1.000000000000000000e+00
1.548798798798798781e+00 1.000000000000000000e+00
1.549399399399399302e+00 1.000000000000000000e+00
1.550000000000000044e+00 1.000000000000000000e+00
1.550600600600600565e+00 1.000000000000000000e+00
1.551201201201201085e+00 1.000000000000000000e+00
1.551801801801801828e+00 1.000000000000000000e+00
1.552402402402402348e+00 1.000000000000000000e+00
1.553003003003003091e+00 1.000000000000000000e+00
1.553603603603603611e+00 1.000000000000000000e+00
1.554204204204204132e+00 1.000000000000000000e+00
1.554804804804804874e+00 1.000000000000000000e+00
1.555405405405405395e+00 1.000000000000000000e+00
1.556006006006005915e+00 1.000000000000000000e+00
1.556606606606606658e+00 1.000000000000000000e+00
1.557207207207207178e+00 1.000000000000000000e+00
1.557807807807807698e+00 1.000000000000000000e+00
1.558408408408408441e+00 1.000000000000000000e+00
1.559009009009008961e+00 1.000000000000000000e+00
1.559609609609609482e+00 1.000000000000000000e+00
1.560210210210210224e+00 1.000000000000000000e+00
1.560810810810810745e+00 1.000000000000000000e+00
1.561411411411411265e+00 1.000000000000000000e+00
1.562012012012012008e+00 1.000000000000000000e+00
1.562612612612612528e+00 1.000000000000000000e+00
1.563213213213213049e+00 1.000000000000000000e+00
1.563813813813813791e+00 1.000000000000000000e+00
1.564414414414414312e+00 1.000000000000000000e+00
1.565015015015015054e+00 1.000000000000000000e+00
1.565615615615615575e+00 1.000000000000000000e+00
1.566216216216216317e+00 1.000000000000000000e+00
1.566816816816816837e+00 1.000000000000000000e+00
1.567417417417417358e+00 1.000000000000000000e+00
1.568018018018018100e+00 1.000000000000000000e+00
1.568618618618618621e+00 1.000000000000000000e+00
1.569219219219219141e+00 1.000000000000000000e+00
1.569819819819819884e+00 1.000000000000000000e+00
1.570420420420420404e+00 1.000000000000000000e+00
1.571021021021020925e+00 1.000000000000000000e+00
1.571621621621621667e+00 1.000000000000000000e+00
1.572222222222222188e+00 1.000000000000000000e+00
1.572822822822822708e+00 1.000000000000000000e+00
1.573423423423423451e+00 1.000000000000000000e+00
1.574024024024023971e+00 1.000000000000000000e+00
1.574624624624624492e+00 1.000000000000000000e+00
1.575225225225225234e+00 1.000000000000000000e+00
1.575825825825825754e+00 1.000000000000000000e+00
1.576426426426426275e+00 1.000000000000000000e+00
1.577027027027027017e+00 1.000000000000000000e+00
1.577627627627627538e+00 1.000000000000000000e+00
1.578228228228228280e+00 1.000000000000000000e+00
1.578828828828828801e+00 1.000000000000000000e+00
1.579429429429429321e+00 1.000000000000000000e+00
1.580030030030030064e+00 1.000000000000000000e+00
1.580630630630630584e+00 1.000000000000000000e+00
1.581231231231231327e+00 1.000000000000000000e+00
1.581831831831831847e+00 1.000000000000000000e+00
1.582432432432432368e+00 1.000000000000000000e+00
1.583033033033033110e+00 1.000000000000000000e+00
1.583633633633633631e+00 1.000000000000000000e+00
1.584234234234234151e+00 1.000000000000000000e+00
1.584834834834834894e+00 1.000000000000000000e+00
1.585435435435435414e+00 1.000000000000000000e+00
1.586036036036035934e+00 1.000000000000000000e+00
1.586636636636636677e+00 1.000000000000000000e+00
1.587237237237237197e+00 1.000000000000000000e+00
1.587837837837837718e+00 1.000000000000000000e+00
1.588438438438438460e+00 1.000000000000000000e+00
1.589039039039038981e+00 1.000000000000000000e+00
1.589639639639639501e+00 1.000000000000000000e+00
1.590240240240240244e+00 1.000000000000000000e+00
1.590840840840840764e+00 1.000000000000000000e+00
1.591441441441441285e+00 1.000000000000000000e+00
1.592042042042042027e+00 1.000000000000000000e+00
1.592642642642642548e+00 1.000000000000000000e+00
1.593243243243243290e+00 1.000000000000000000e+00
1.593843843843843811e+00 1.000000000000000000e+00
1.594444444444444553e+00 1.000000000000000000e+00
1.595045045045045073e+00 1.000000000000000000e+00
1.595645645645645594e+00 1.000000000000000000e+00
1.596246246246246336e+00 1.000000000000000000e+00
1.596846846846846857e+00 1.000000000000000000e+00
1.597447447447447377e+00 1.000000000000000000e+00
1.598048048048048120e+00 1.000000000000000000e+00
1.598648648648648640e+00 1.000000000000000000e+00
1.599249249249249161e+00 1.000000000000000000e+00
1.599849849849849903e+00 1.000000000000000000e+00
1.600450450450450424e+00 0.000000000000000000e+00
1.601051051051050944e+00 0.000000000000000000e+00
1.601651651651651687e+00 0.000000000000000000e+00
1.602252252252252207e+00 0.000000000000000000e+00
1.602852852852852727e+00 0.000000000000000000e+00
1.603453453453453470e+00 0.000000000000000000e+00
1.604054054054053990e+00 0.000000000000000000e+00
1.604654654654654511e+00 0.000000000000000000e+00
1.605255255255255253e+00 0.000000000000000000e+00
1.605855855855855774e+00 0.000000000000000000e+00
1.606456456456456294e+00 0.000000000000000000e+00
1.607057057057057037e+00 0.000000000000000000e+00
1.607657657657657557e+00 0.000000000000000000e+00
1.608258258258258300e+00 0.000000000000000000e+00
1.608858858858858820e+00 0.000000000000000000e+00
1.609459459459459563e+00 0.000000000000000000e+00
1.610060060060060083e+00 0.000000000000000000e+00
1.610660660660660604e+00 0.000000000000000000e+00
1.611261261261261346e+00 0.000000000000000000e+00
1.611861861861861867e+00 0.000000000000000000e+00
1.612462462462462387e+00 0.000000000000000000e+00
1.613063063063063129e+00 0.000000000000000000e+00
1.613663663663663650e+00 0.000000000000000000e+00
1.614264264264264170e+00 0.000000000000000000e+00
1.614864864864864913e+00 0.000000000000000000e+00
1.615465465465465433e+00 0.000000000000000000e+00
1.616066066066065954e+00 0.000000000000000000e+00
1.616666666666666696e+00 0.000000000000000000e+00
1.617267267267267217e+00 0.000000000000000000e+00
1.617867867867867737e+00 0.000000000000000000e+00
1.618468468468468480e+00 0.000000000000000000e+00
1.619069069069069000e+00 0.000000000000000000e+00
1.619669669669669521e+00 0.000000000000000000e+00
1.620270270270270263e+00 0.000000000000000000e+00
1.620870870870870784e+00 0.000000000000000000e+00
1.621471471471471526e+00 0.000000000000000000e+00
1.622072072072072046e+00 0.000000000000000000e+00
1.622672672672672567e+00 0.000000000000000000e+00
1.623273273273273309e+00 0.000000000000000000e+00
1.623873873873873830e+00 0.000000000000000000e+00
1.624474474474474572e+00 0.000000000000000000e+00
1.625075075075075093e+00 0.000000000000000000e+00
1.625675675675675613e+00 0.000000000000000000e+00
1.626276276276276356e+00 0.000000000000000000e+00
1.626876876876876876e+00 0.000000000000000000e+00
1.627477477477477397e+00 0.000000000000000000e+00
1.628078078078078139e+00 0.000000000000000000e+00
1.628678678678678660e+00 0.000000000000000000e+00
1.629279279279279180e+00 0.000000000000000000e+00
1.629879879879879923e+00 0.000000000000000000e+00
1.630480480480480443e+00 0.000000000000000000e+00
1.631081081081080963e+00 0.000000000000000000e+00
1.631681681681681706e+00 0.000000000000000000e+00
1.632282282282282226e+00 0.000000000000000000e+00
1.632882882882882747e+00 0.000000000000000000e+00
1.633483483483483489e+00 0.000000000000000000e+00
1.634084084084084010e+00 0.000000000000000000e+00
1.634684684684684530e+00 0.000000000000000000e+00
1.635285285285285273e+00 0.000000000000000000e+00
1.635885885885885793e+00 0.000000000000000000e+00
1.636486486486486536e+00 0.000000000000000000e+00
1.637087087087087056e+00 0.000000000000000000e+00
1.637687687687687799e+00 0.000000000000000000e+00
1.638288288288288319e+00 0.000000000000000000e+00
1.638888888888888840e+00 0.000000000000000000e+00
1.639489489489489582e+00 0.000000000000000000e+00
1.640090090090090102e+00 0.000000000000000000e+00
1.640690690690690623e+00 0.000000000000000000e+00
1.641291291291291365e+00 0.000000000000000000e+00
1.641891891891891886e+00 0.000000000000000000e+00
1.642492492492492406e+00 0.000000000000000000e+00
1.643093093093093149e+00 0.000000000000000000e+00
1.643693693693693669e+00 0.000000000000000000e+00
1.644294294294294190e+00 0.000000000000000000e+00
1.644894894894894932e+00 0.000000000000000000e+00
1.645495495495495453e+00 0.000000000000000000e+00
1.646096096096095973e+00 0.000000000000000000e+00
1.646696696696696716e+00 0.000000000000000000e+00
1.647297297297297236e+00 0.000000000000000000e+00
1.647897897897897757e+00 0.000000000000000000e+00
1.648498498498498499e+00 0.000000000000000000e+00
1.649099099099099019e+00 0.000000000000000000e+00
1.649699699699699540e+00 0.000000000000000000e+00
1.650300300300300282e+00 0.000000000000000000e+00
1.650900900900901025e+00 0.000000000000000000e+00
1.651501501501501323e+00 0.000000000000000000e+00
1.652102102102102066e+00 0.000000000000000000e+00
1.652702702702702808e+00 0.000000000000000000e+00
1.653303303303303329e+00 0.000000000000000000e+00
1.653903903903903849e+00 0.000000000000000000e+00
1.654504504504504592e+00 0.000000000000000000e+00
1.655105105105105112e+00 0.000000000000000000e+00
1.655705705705705633e+00 0.000000000000000000e+00
1.656306306306306375e+00 0.000000000000000000e+00
1.656906906906906896e+00 0.000000000000000000e+00
1.657507507507507416e+00 0.000000000000000000e+00
1.658108108108108159e+00 0.000000000000000000e+00
1.658708708708708679e+00 0.000000000000000000e+00
1.659309309309309199e+00 0.000000000000000000e+00
1.659909909909909942e+00 0.000000000000000000e+00
1.660510510510510462e+00 0.000000000000000000e+00
1.661111111111110983e+00 0.000000000000000000e+00
1.661711711711711725e+00 0.000000000000000000e+00
1.662312312312312246e+00 0.000000000000000000e+00
1.662912912912912766e+00 0.000000000000000000e+00
1.663513513513513509e+00 0.000000000000000000e+00
1.664114114114114251e+00 0.000000000000000000e+00
1.664714714714714550e+00 0.000000000000000000e+00
1.665315315315315292e+00 0.000000000000000000e+00
1.665915915915916035e+00 0.000000000000000000e+00
1.666516516516516333e+00 0.000000000000000000e+00
1.667117117117117076e+00 0.000000000000000000e+00
1.667717717717717818e+00 0.000000000000000000e+00
1.668318318318318338e+00 0.000000000000000000e+00
1.668918918918918859e+00 0.000000000000000000e+00
1.669519519519519601e+00 0.000000000000000000e+00
1.670120120120120122e+00 0.000000000000000000e+00
1.670720720720720642e+00 0.000000000000000000e+00
1.671321321321321385e+00 0.000000000000000000e+00
1.671921921921921905e+00 0.000000000000000000e+00
1.672522522522522426e+00 0.000000000000000000e+00
1.673123123123123168e+00 0.000000000000000000e+00
1.673723723723723689e+00 0.000000000000000000e+00
1.674324324324324209e+00 0.000000000000000000e+00
1.674924924924924952e+00 0.000000000000000000e+00
1.675525525525525472e+00 0.000000000000000000e+00
1.676126126126125992e+00 0.000000000000000000e+00
1.676726726726726735e+00 0.000000000000000000e+00
1.677327327327327255e+00 0.000000000000000000e+00
1.677927927927927776e+00 0.000000000000000000e+00
1.678528528528528518e+00 0.000000000000000000e+00
1.679129129129129261e+00 0.000000000000000000e+00
1.679729729729729559e+00 0.000000000000000000e+00
1.680330330330330302e+00 0.000000000000000000e+00
1.680930930930931044e+00 0.000000000000000000e+00
1.681531531531531565e+00 0.000000000000000000e+00
1.682132132132132085e+00 0.000000000000000000e+00
1.682732732732732828e+00 0.000000000000000000e+00
1.683333333333333348e+00 0.000000000000000000e+00
1.683933933933933869e+00 0.000000000000000000e+00
1.684534534534534611e+00 0.000000000000000000e+00
1.685135135135135132e+00 0.000000000000000000e+00
1.685735735735735652e+00 0.000000000000000000e+00
1.686336336336336394e+00 0.000000000000000000e+00
1.686936936936936915e+00 0.000000000000000000e+00
1.687537537537537435e+00 0.000000000000000000e+00
1.688138138138138178e+00 0.000000000000000000e+00
1.688738738738738698e+00 0.000000000000000000e+00
1.689339339339339219e+00 0.000000000000000000e+00
1.689939939939939961e+00 0.000000000000000000e+00
1.690540540540540482e+00 0.000000000000000000e+00
1.691141141141141002e+00 0.000000000000000000e+00
1.691741741741741745e+00 0.000000000000000000e+00
1.692342342342342487e+00 0.000000000000000000e+00
1.692942942942942786e+00 0.000000000000000000e+00
1.693543543543543528e+00 0.000000000000000000e+00
1.694144144144144271e+00 0.000000000000000000e+00
1.694744744744744569e+00 0.000000000000000000e+00
1.695345345345345311e+00 0.000000000000000000e+00
1.695945945945946054e+00 0.000000000000000000e+00
1.696546546546546574e+00 0.000000000000000000e+00
1.697147147147147095e+00 0.000000000000000000e+00
1.697747747747747837e+00 0.000000000000000000e+00
1.698348348348348358e+00 0.000000000000000000e+00
1.698948948948948878e+00 0.000000000000000000e+00
1.699549549549549621e+00 0.000000000000000000e+00
1.700150150150150141e+00 0.000000000000000000e+00
1.700750750750750662e+00 0.000000000000000000e+00
1.701351351351351404e+00 0.000000000000000000e+00
1.701951951951951925e+00 0.000000000000000000e+00
1.702552552552552445e+00 0.000000000000000000e+00
1.703153153153153188e+00 0.000000000000000000e+00
1.703753753753753708e+00 0.000000000000000000e+00
1.704354354354354228e+00 0.000000000000000000e+00
1.704954954954954971e+00 0.000000000000000000e+00
1.705555555555555491e+00 0.000000000000000000e+00
1.706156156156156012e+00 0.000000000000000000e+00
1.706756756756756754e+00 0.000000000000000000e+00
1.707357357357357497e+00 0.000000000000000000e+00
1.707957957957957795e+00 0.000000000000000000e+00
1.708558558558558538e+00 0.000000000000000000e+00
1.709159159159159280e+00 0.000000000000000000e+00
1.709759759759759801e+00 0.000000000000000000e+00
1.710360360360360321e+00 0.000000000000000000e+00
1.710960960960961064e+00 0.000000000000000000e+00
1.711561561561561584e+00 0.000000000000000000e+00
1.712162162162162105e+00 0.000000000000000000e+00
1.712762762762762847e+00 0.000000000000000000e+00
1.713363363363363367e+00 0.000000000000000000e+00
1.713963963963963888e+00 0.000000000000000000e+00
1.714564564564564630e+00 0.000000000000000000e+00
1.715165165165165151e+00 0.000000000000000000e+00
1.715765765765765671e+00 0.000000000000000000e+00
1.716366366366366414e+00 0.000000000000000000e+00
1.716966966966966934e+00 0.000000000000000000e+00
1.717567567567567455e+00 0.000000000000000000e+00
1.718168168168168197e+00 0.000000000000000000e+00
1.718768768768768718e+00 0.000000000000000000e+00
1.719369369369369238e+00 0.000000000000000000e+00
1.719969969969969981e+00 0.000000000000000000e+00
1.720570570570570723e+00 0.000000000000000000e+00
1.721171171171171022e+00 0.000000000000000000e+00
1.721771771771771764e+00 0.000000000000000000e+00
1.722372372372372507e+00 0.000000000000000000e+00
1.722972972972972805e+00 0.000000000000000000e+00
1.723573573573573547e+00 0.000000000000000000e+00
1.724174174174174290e+00 0.000000000000000000e+00
1.724774774774774810e+00 0.000000000000000000e+00
1.725375375375375331e+00 0.000000000000000000e+00
1.725975975975976073e+00 0.000000000000000000e+00
1.726576576576576594e+00 0.000000000000000000e+00
1.727177177177177114e+00 0.000000000000000000e+00
1.727777777777777857e+00 0.000000000000000000e+00
1.728378378378378377e+00 0.000000000000000000e+00
1.728978978978978898e+00 0.000000000000000000e+00
1.729579579579579640e+00 0.000000000000000000e+00
1.730180180180180161e+00 0.000000000000000000e+00
1.730780780780780681e+00 0.000000000000000000e+00
1.731381381381381424e+00 0.000000000000000000e+00
1.731981981981981944e+00 0.000000000000000000e+00
1.732582582582582464e+00 0.000000000000000000e+00
1.733183183183183207e+00 0.000000000000000000e+00
1.733783783783783727e+00 0.000000000000000000e+00
1.734384384384384248e+00 0.000000000000000000e+00
1.734984984984984990e+00 0.000000000000000000e+00
1.735585585585585733e+00 0.000000000000000000e+00
1.736186186186186031e+00 0.000000000000000000e+00
1.736786786786786774e+00 0.000000000000000000e+00
1.737387387387387516e+00 0.000000000000000000e+00
1.737987987987987815e+00 0.000000000000000000e+00
1.738588588588588557e+00 0.000000000000000000e+00
1.739189189189189300e+00 0.000000000000000000e+00
1.739789789789789820e+00 0.000000000000000000e+00
1.740390390390390341e+00 0.000000000000000000e+00
1.740990990990991083e+00 0.000000000000000000e+00
1.741591591591591603e+00 0.000000000000000000e+00
1.742192192192192124e+00 0.000000000000000000e+00
1.742792792792792866e+00 0.000000000000000000e+00
1.743393393393393387e+00 0.000000000000000000e+00
1.743993993993993907e+00 0.000000000000000000e+00
1.744594594594594650e+00 0.000000000000000000e+00
1.745195195195195170e+00 0.000000000000000000e+00
1.745795795795795691e+00 0.000000000000000000e+00
1.746396396396396433e+00 0.000000000000000000e+00
1.746996996996996954e+00 0.000000000000000000e+00
1.747597597597597474e+00 0.000000000000000000e+00
1.748198198198198217e+00 0.000000000000000000e+00
1.748798798798798737e+00 0.000000000000000000e+00
1.749399399399399258e+00 0.000000000000000000e+00
1.750000000000000000e+00 0.000000000000000000e+00
