7.239463999999999899e-01
7.241003351851851289e-01
7.242542703703702678e-01
7.244082055555554067e-01
7.245621407407405457e-01
7.247160759259256846e-01
7.248700111111108235e-01
7.250239462962959625e-01
7.251778814814811014e-01
7.253318166666662403e-01
7.254857518518513793e-01
7.256396870370365182e-01
7.257936222222216571e-01
7.259475574074067961e-01
7.261014925925919350e-01
7.262554277777770739e-01
7.264093629629622129e-01
7.265632981481473518e-01
7.267172333333324907e-01
7.268711685185176297e-01
7.270251037037027686e-01
7.271790388888879075e-01
7.273329740740730465e-01
7.274869092592581854e-01
7.276408444444433243e-01
7.277947796296284633e-01
7.279487148148136022e-01
7.281026499999987411e-01
7.282565851851838801e-01
7.284105203703690190e-01
7.285644555555541579e-01
7.287183907407392969e-01
7.288723259259244358e-01
7.290262611111095747e-01
7.291801962962947137e-01
7.293341314814798526e-01
7.294880666666649915e-01
7.296420018518501305e-01
7.297959370370352694e-01
7.299498722222204083e-01
7.301038074074055473e-01
7.302577425925906862e-01
7.304116777777758251e-01
7.305656129629609641e-01
7.307195481481461030e-01
7.308734833333312420e-01
7.310274185185163809e-01
7.311813537037015198e-01
7.313352888888866588e-01
7.314892240740717977e-01
7.316431592592569366e-01
7.317970944444420756e-01
7.319510296296272145e-01
7.321049648148123534e-01
7.322588999999974924e-01
7.324128351851826313e-01
7.325667703703677702e-01
7.327207055555529092e-01
7.328746407407380481e-01
7.330285759259231870e-01
7.331825111111083260e-01
7.333364462962934649e-01
7.334903814814786038e-01
7.336443166666637428e-01
7.337982518518488817e-01
7.339521870370340206e-01
7.341061222222191596e-01
7.342600574074042985e-01
7.344139925925894374e-01
7.345679277777745764e-01
7.347218629629597153e-01
7.348757981481448542e-01
7.350297333333299932e-01
7.351836685185151321e-01
7.353376037037002710e-01
7.354915388888854100e-01
7.356454740740705489e-01
7.357994092592556878e-01
7.359533444444408268e-01
7.361072796296259657e-01
7.362612148148111046e-01
7.364151499999962436e-01
7.365690851851813825e-01
7.367230203703665214e-01
7.368769555555516604e-01
7.370308907407367993e-01
7.371848259259219382e-01
7.373387611111070772e-01
7.374926962962922161e-01
7.376466314814773551e-01
7.378005666666624940e-01
7.379545018518476329e-01
7.381084370370327719e-01
7.382623722222179108e-01
7.384163074074030497e-01
7.385702425925881887e-01
7.387241777777733276e-01
7.388781129629584665e-01
7.390320481481436055e-01
7.391859833333287444e-01
7.393399185185138833e-01
7.394938537036990223e-01
7.396477888888841612e-01
7.398017240740693001e-01
7.399556592592544391e-01
7.401095944444395780e-01
7.402635296296247169e-01
7.404174648148098559e-01
7.405713999999949948e-01
7.407253351851801337e-01
7.408792703703652727e-01
7.410332055555504116e-01
7.411871407407355505e-01
7.413410759259206895e-01
7.414950111111058284e-01
7.416489462962909673e-01
7.418028814814761063e-01
7.419568166666612452e-01
7.421107518518463841e-01
7.422646870370315231e-01
7.424186222222166620e-01
7.425725574074018009e-01
7.427264925925869399e-01
7.428804277777720788e-01
7.430343629629572177e-01
7.431882981481423567e-01
7.433422333333274956e-01
7.434961685185126345e-01
7.436501037036977735e-01
7.438040388888829124e-01
7.439579740740680514e-01
7.441119092592531903e-01
7.442658444444383292e-01
7.444197796296234682e-01
7.445737148148086071e-01
7.447276499999937460e-01
7.448815851851788850e-01
7.450355203703640239e-01
7.451894555555491628e-01
7.453433907407343018e-01
7.454973259259194407e-01
7.456512611111045796e-01
7.458051962962897186e-01
7.459591314814748575e-01
7.461130666666599964e-01
7.462670018518451354e-01
7.464209370370302743e-01
7.465748722222154132e-01
7.467288074074005522e-01
7.468827425925856911e-01
7.470366777777708300e-01
7.471906129629559690e-01
7.473445481481411079e-01
7.474984833333262468e-01
7.476524185185113858e-01
7.478063537036965247e-01
7.479602888888816636e-01
7.481142240740668026e-01
7.482681592592519415e-01
7.484220944444370804e-01
7.485760296296222194e-01
7.487299648148073583e-01
7.488838999999924972e-01
7.490378351851776362e-01
7.491917703703627751e-01
7.493457055555479140e-01
7.494996407407330530e-01
7.496535759259181919e-01
7.498075111111033308e-01
7.499614462962884698e-01
7.501153814814736087e-01
7.502693166666587476e-01
7.504232518518438866e-01
7.505771870370290255e-01
7.507311222222141645e-01
7.508850574073993034e-01
7.510389925925844423e-01
7.511929277777695813e-01
7.513468629629547202e-01
7.515007981481398591e-01
7.516547333333249981e-01
7.518086685185101370e-01
7.519626037036952759e-01
7.521165388888804149e-01
7.522704740740655538e-01
7.524244092592506927e-01
7.525783444444358317e-01
7.527322796296209706e-01
7.528862148148061095e-01
7.530401499999912485e-01
7.531940851851763874e-01
7.533480203703615263e-01
7.535019555555466653e-01
7.536558907407318042e-01
7.538098259259169431e-01
7.539637611111020821e-01
7.541176962962872210e-01
7.542716314814723599e-01
7.544255666666574989e-01
7.545795018518426378e-01
7.547334370370277767e-01
7.548873722222129157e-01
7.550413074073980546e-01
7.551952425925831935e-01
7.553491777777683325e-01
7.555031129629534714e-01
7.556570481481386103e-01
7.558109833333237493e-01
7.559649185185088882e-01
7.561188537036940271e-01
7.562727888888791661e-01
7.564267240740643050e-01
7.565806592592494439e-01
7.567345944444345829e-01
7.568885296296197218e-01
7.570424648148048608e-01
7.571963999999899997e-01
7.573503351851751386e-01
7.575042703703602776e-01
7.576582055555454165e-01
7.578121407407305554e-01
7.579660759259156944e-01
7.581200111111008333e-01
7.582739462962859722e-01
7.584278814814711112e-01
7.585818166666562501e-01
7.587357518518413890e-01
7.588896870370265280e-01
7.590436222222116669e-01
7.591975574073968058e-01
7.593514925925819448e-01
7.595054277777670837e-01
7.596593629629522226e-01
7.598132981481373616e-01
7.599672333333225005e-01
7.601211685185076394e-01
7.602751037036927784e-01
7.604290388888779173e-01
7.605829740740630562e-01
7.607369092592481952e-01
7.608908444444333341e-01
7.610447796296184730e-01
7.611987148148036120e-01
7.613526499999887509e-01
7.615065851851738898e-01
7.616605203703590288e-01
7.618144555555441677e-01
7.619683907407293066e-01
7.621223259259144456e-01
7.622762611110995845e-01
7.624301962962847234e-01
7.625841314814698624e-01
7.627380666666550013e-01
7.628920018518401402e-01
7.630459370370252792e-01
7.631998722222104181e-01
7.633538074073955570e-01
7.635077425925806960e-01
7.636616777777658349e-01
7.638156129629509739e-01
7.639695481481361128e-01
7.641234833333212517e-01
7.642774185185063907e-01
7.644313537036915296e-01
7.645852888888766685e-01
7.647392240740618075e-01
7.648931592592469464e-01
7.650470944444320853e-01
7.652010296296172243e-01
7.653549648148023632e-01
7.655088999999875021e-01
7.656628351851726411e-01
7.658167703703577800e-01
7.659707055555429189e-01
7.661246407407280579e-01
7.662785759259131968e-01
7.664325111110983357e-01
7.665864462962834747e-01
7.667403814814686136e-01
7.668943166666537525e-01
7.670482518518388915e-01
7.672021870370240304e-01
7.673561222222091693e-01
7.675100574073943083e-01
7.676639925925794472e-01
7.678179277777645861e-01
7.679718629629497251e-01
7.681257981481348640e-01
7.682797333333200029e-01
7.684336685185051419e-01
7.685876037036902808e-01
7.687415388888754197e-01
7.688954740740605587e-01
7.690494092592456976e-01
7.692033444444308365e-01
7.693572796296159755e-01
7.695112148148011144e-01
7.696651499999862533e-01
7.698190851851713923e-01
7.699730203703565312e-01
7.701269555555416702e-01
7.702808907407268091e-01
7.704348259259119480e-01
7.705887611110970870e-01
7.707426962962822259e-01
7.708966314814673648e-01
7.710505666666525038e-01
7.712045018518376427e-01
7.713584370370227816e-01
7.715123722222079206e-01
7.716663074073930595e-01
7.718202425925781984e-01
7.719741777777633374e-01
7.721281129629484763e-01
7.722820481481336152e-01
7.724359833333187542e-01
7.725899185185038931e-01
7.727438537036890320e-01
7.728977888888741710e-01
7.730517240740593099e-01
7.732056592592444488e-01
7.733595944444295878e-01
7.735135296296147267e-01
7.736674648147998656e-01
7.738213999999850046e-01
7.739753351851701435e-01
7.741292703703552824e-01
7.742832055555404214e-01
7.744371407407255603e-01
7.745910759259106992e-01
7.747450111110958382e-01
7.748989462962809771e-01
7.750528814814661160e-01
7.752068166666512550e-01
7.753607518518363939e-01
7.755146870370215328e-01
7.756686222222066718e-01
7.758225574073918107e-01
7.759764925925769496e-01
7.761304277777620886e-01
7.762843629629472275e-01
7.764382981481323664e-01
7.765922333333175054e-01
7.767461685185026443e-01
7.769001037036877833e-01
7.770540388888729222e-01
7.772079740740580611e-01
7.773619092592432001e-01
7.775158444444283390e-01
7.776697796296134779e-01
7.778237148147986169e-01
7.779776499999837558e-01
7.781315851851688947e-01
7.782855203703540337e-01
7.784394555555391726e-01
7.785933907407243115e-01
7.787473259259094505e-01
7.789012611110945894e-01
7.790551962962797283e-01
7.792091314814648673e-01
7.793630666666500062e-01
7.795170018518351451e-01
7.796709370370202841e-01
7.798248722222054230e-01
7.799788074073905619e-01
7.801327425925757009e-01
7.802866777777608398e-01
7.804406129629459787e-01
7.805945481481311177e-01
7.807484833333162566e-01
7.809024185185013955e-01
7.810563537036865345e-01
7.812102888888716734e-01
7.813642240740568123e-01
7.815181592592419513e-01
7.816720944444270902e-01
7.818260296296122291e-01
7.819799648147973681e-01
7.821338999999825070e-01
7.822878351851676459e-01
7.824417703703527849e-01
7.825957055555379238e-01
7.827496407407230627e-01
7.829035759259082017e-01
7.830575111110933406e-01
7.832114462962784796e-01
7.833653814814636185e-01
7.835193166666487574e-01
7.836732518518338964e-01
7.838271870370190353e-01
7.839811222222041742e-01
7.841350574073893132e-01
7.842889925925744521e-01
7.844429277777595910e-01
7.845968629629447300e-01
7.847507981481298689e-01
7.849047333333150078e-01
7.850586685185001468e-01
7.852126037036852857e-01
7.853665388888704246e-01
7.855204740740555636e-01
7.856744092592407025e-01
7.858283444444258414e-01
7.859822796296109804e-01
7.861362148147961193e-01
7.862901499999812582e-01
7.864440851851663972e-01
7.865980203703515361e-01
7.867519555555366750e-01
7.869058907407218140e-01
7.870598259259069529e-01
7.872137611110920918e-01
7.873676962962772308e-01
7.875216314814623697e-01
7.876755666666475086e-01
7.878295018518326476e-01
7.879834370370177865e-01
7.881373722222029254e-01
7.882913074073880644e-01
7.884452425925732033e-01
7.885991777777583422e-01
7.887531129629434812e-01
7.889070481481286201e-01
7.890609833333137590e-01
7.892149185184988980e-01
7.893688537036840369e-01
7.895227888888691758e-01
7.896767240740543148e-01
7.898306592592394537e-01
7.899845944444245927e-01
7.901385296296097316e-01
7.902924648147948705e-01
7.904463999999800095e-01
7.906003351851651484e-01
7.907542703703502873e-01
7.909082055555354263e-01
7.910621407407205652e-01
7.912160759259057041e-01
7.913700111110908431e-01
7.915239462962759820e-01
7.916778814814611209e-01
7.918318166666462599e-01
7.919857518518313988e-01
7.921396870370165377e-01
7.922936222222016767e-01
7.924475574073868156e-01
7.926014925925719545e-01
7.927554277777570935e-01
7.929093629629422324e-01
7.930632981481273713e-01
7.932172333333125103e-01
7.933711685184976492e-01
7.935251037036827881e-01
7.936790388888679271e-01
7.938329740740530660e-01
7.939869092592382049e-01
7.941408444444233439e-01
7.942947796296084828e-01
7.944487148147936217e-01
7.946026499999787607e-01
7.947565851851638996e-01
7.949105203703490385e-01
7.950644555555341775e-01
7.952183907407193164e-01
7.953723259259044553e-01
7.955262611110895943e-01
7.956801962962747332e-01
7.958341314814598721e-01
7.959880666666450111e-01
7.961420018518301500e-01
7.962959370370152890e-01
7.964498722222004279e-01
7.966038074073855668e-01
7.967577425925707058e-01
7.969116777777558447e-01
7.970656129629409836e-01
7.972195481481261226e-01
7.973734833333112615e-01
7.975274185184964004e-01
7.976813537036815394e-01
7.978352888888666783e-01
7.979892240740518172e-01
7.981431592592369562e-01
7.982970944444220951e-01
7.984510296296072340e-01
7.986049648147923730e-01
7.987588999999775119e-01
7.989128351851626508e-01
7.990667703703477898e-01
7.992207055555329287e-01
7.993746407407180676e-01
7.995285759259032066e-01
7.996825111110883455e-01
7.998364462962734844e-01
7.999903814814586234e-01
8.001443166666437623e-01
8.002982518518289012e-01
8.004521870370140402e-01
8.006061222221991791e-01
8.007600574073843180e-01
8.009139925925694570e-01
8.010679277777545959e-01
8.012218629629397348e-01
8.013757981481248738e-01
8.015297333333100127e-01
8.016836685184951516e-01
8.018376037036802906e-01
8.019915388888654295e-01
8.021454740740505684e-01
8.022994092592357074e-01
8.024533444444208463e-01
8.026072796296059852e-01
8.027612148147911242e-01
8.029151499999762631e-01
8.030690851851614021e-01
8.032230203703465410e-01
8.033769555555316799e-01
8.035308907407168189e-01
8.036848259259019578e-01
8.038387611110870967e-01
8.039926962962722357e-01
8.041466314814573746e-01
8.043005666666425135e-01
8.044545018518276525e-01
8.046084370370127914e-01
8.047623722221979303e-01
8.049163074073830693e-01
8.050702425925682082e-01
8.052241777777533471e-01
8.053781129629384861e-01
8.055320481481236250e-01
8.056859833333087639e-01
8.058399185184939029e-01
8.059938537036790418e-01
8.061477888888641807e-01
8.063017240740493197e-01
8.064556592592344586e-01
8.066095944444195975e-01
8.067635296296047365e-01
8.069174648147898754e-01
8.070713999999750143e-01
8.072253351851601533e-01
8.073792703703452922e-01
8.075332055555304311e-01
8.076871407407155701e-01
8.078410759259007090e-01
8.079950111110858479e-01
8.081489462962709869e-01
8.083028814814561258e-01
8.084568166666412647e-01
8.086107518518264037e-01
8.087646870370115426e-01
8.089186222221966815e-01
8.090725574073818205e-01
8.092264925925669594e-01
8.093804277777520984e-01
8.095343629629372373e-01
8.096882981481223762e-01
8.098422333333075152e-01
8.099961685184926541e-01
8.101501037036777930e-01
8.103040388888629320e-01
8.104579740740480709e-01
8.106119092592332098e-01
8.107658444444183488e-01
8.109197796296034877e-01
8.110737148147886266e-01
8.112276499999737656e-01
8.113815851851589045e-01
8.115355203703440434e-01
8.116894555555291824e-01
8.118433907407143213e-01
8.119973259258994602e-01
8.121512611110845992e-01
8.123051962962697381e-01
8.124591314814548770e-01
8.126130666666400160e-01
8.127670018518251549e-01
8.129209370370102938e-01
8.130748722221954328e-01
8.132288074073805717e-01
8.133827425925657106e-01
8.135366777777508496e-01
8.136906129629359885e-01
8.138445481481211274e-01
8.139984833333062664e-01
8.141524185184914053e-01
8.143063537036765442e-01
8.144602888888616832e-01
8.146142240740468221e-01
8.147681592592319610e-01
8.149220944444171000e-01
8.150760296296022389e-01
8.152299648147873778e-01
8.153838999999725168e-01
8.155378351851576557e-01
8.156917703703427946e-01
8.158457055555279336e-01
8.159996407407130725e-01
8.161535759258982115e-01
8.163075111110833504e-01
8.164614462962684893e-01
8.166153814814536283e-01
8.167693166666387672e-01
8.169232518518239061e-01
8.170771870370090451e-01
8.172311222221941840e-01
8.173850574073793229e-01
8.175389925925644619e-01
8.176929277777496008e-01
8.178468629629347397e-01
8.180007981481198787e-01
8.181547333333050176e-01
8.183086685184901565e-01
8.184626037036752955e-01
8.186165388888604344e-01
8.187704740740455733e-01
8.189244092592307123e-01
8.190783444444158512e-01
8.192322796296009901e-01
8.193862148147861291e-01
8.195401499999712680e-01
8.196940851851564069e-01
8.198480203703415459e-01
8.200019555555266848e-01
8.201558907407118237e-01
8.203098259258969627e-01
8.204637611110821016e-01
8.206176962962672405e-01
8.207716314814523795e-01
8.209255666666375184e-01
8.210795018518226573e-01
8.212334370370077963e-01
8.213873722221929352e-01
8.215413074073780741e-01
8.216952425925632131e-01
8.218491777777483520e-01
8.220031129629334909e-01
8.221570481481186299e-01
8.223109833333037688e-01
8.224649185184889078e-01
8.226188537036740467e-01
8.227727888888591856e-01
8.229267240740443246e-01
8.230806592592294635e-01
8.232345944444146024e-01
8.233885296295997414e-01
8.235424648147848803e-01
8.236963999999700192e-01
8.238503351851551582e-01
8.240042703703402971e-01
8.241582055555254360e-01
8.243121407407105750e-01
8.244660759258957139e-01
8.246200111110808528e-01
8.247739462962659918e-01
8.249278814814511307e-01
8.250818166666362696e-01
8.252357518518214086e-01
8.253896870370065475e-01
8.255436222221916864e-01
8.256975574073768254e-01
8.258514925925619643e-01
8.260054277777471032e-01
8.261593629629322422e-01
8.263132981481173811e-01
8.264672333333025200e-01
8.266211685184876590e-01
8.267751037036727979e-01
8.269290388888579368e-01
8.270829740740430758e-01
8.272369092592282147e-01
8.273908444444133536e-01
8.275447796295984926e-01
8.276987148147836315e-01
8.278526499999687704e-01
8.280065851851539094e-01
8.281605203703390483e-01
8.283144555555241872e-01
8.284683907407093262e-01
8.286223259258944651e-01
8.287762611110796040e-01
8.289301962962647430e-01
8.290841314814498819e-01
8.292380666666350209e-01
8.293920018518201598e-01
8.295459370370052987e-01
8.296998722221904377e-01
8.298538074073755766e-01
8.300077425925607155e-01
8.301616777777458545e-01
8.303156129629309934e-01
8.304695481481161323e-01
8.306234833333012713e-01
8.307774185184864102e-01
8.309313537036715491e-01
8.310852888888566881e-01
8.312392240740418270e-01
8.313931592592269659e-01
8.315470944444121049e-01
8.317010296295972438e-01
8.318549648147823827e-01
8.320088999999675217e-01
8.321628351851526606e-01
8.323167703703377995e-01
8.324707055555229385e-01
8.326246407407080774e-01
8.327785759258932163e-01
8.329325111110783553e-01
8.330864462962634942e-01
8.332403814814486331e-01
8.333943166666337721e-01
8.335482518518189110e-01
8.337021870370040499e-01
8.338561222221891889e-01
8.340100574073743278e-01
8.341639925925594667e-01
8.343179277777446057e-01
8.344718629629297446e-01
8.346257981481148835e-01
8.347797333333000225e-01
8.349336685184851614e-01
8.350876037036703003e-01
8.352415388888554393e-01
8.353954740740405782e-01
8.355494092592257172e-01
8.357033444444108561e-01
8.358572796295959950e-01
8.360112148147811340e-01
8.361651499999662729e-01
8.363190851851514118e-01
8.364730203703365508e-01
8.366269555555216897e-01
8.367808907407068286e-01
8.369348259258919676e-01
8.370887611110771065e-01
8.372426962962622454e-01
8.373966314814473844e-01
8.375505666666325233e-01
8.377045018518176622e-01
8.378584370370028012e-01
8.380123722221879401e-01
8.381663074073730790e-01
8.383202425925582180e-01
8.384741777777433569e-01
8.386281129629284958e-01
8.387820481481136348e-01
8.389359833332987737e-01
8.390899185184839126e-01
8.392438537036690516e-01
8.393977888888541905e-01
8.395517240740393294e-01
8.397056592592244684e-01
8.398595944444096073e-01
8.400135296295947462e-01
8.401674648147798852e-01
8.403213999999650241e-01
8.404753351851501630e-01
8.406292703703353020e-01
8.407832055555204409e-01
8.409371407407055798e-01
8.410910759258907188e-01
8.412450111110758577e-01
8.413989462962609966e-01
8.415528814814461356e-01
8.417068166666312745e-01
8.418607518518164134e-01
8.420146870370015524e-01
8.421686222221866913e-01
8.423225574073718303e-01
8.424764925925569692e-01
8.426304277777421081e-01
8.427843629629272471e-01
8.429382981481123860e-01
8.430922333332975249e-01
8.432461685184826639e-01
8.434001037036678028e-01
8.435540388888529417e-01
8.437079740740380807e-01
8.438619092592232196e-01
8.440158444444083585e-01
8.441697796295934975e-01
8.443237148147786364e-01
8.444776499999637753e-01
8.446315851851489143e-01
8.447855203703340532e-01
8.449394555555191921e-01
8.450933907407043311e-01
8.452473259258894700e-01
8.454012611110746089e-01
8.455551962962597479e-01
8.457091314814448868e-01
8.458630666666300257e-01
8.460170018518151647e-01
8.461709370370003036e-01
8.463248722221854425e-01
8.464788074073705815e-01
8.466327425925557204e-01
8.467866777777408593e-01
8.469406129629259983e-01
8.470945481481111372e-01
8.472484833332962761e-01
8.474024185184814151e-01
8.475563537036665540e-01
8.477102888888516929e-01
8.478642240740368319e-01
8.480181592592219708e-01
8.481720944444071097e-01
8.483260296295922487e-01
8.484799648147773876e-01
8.486338999999625266e-01
8.487878351851476655e-01
8.489417703703328044e-01
8.490957055555179434e-01
8.492496407407030823e-01
8.494035759258882212e-01
8.495575111110733602e-01
8.497114462962584991e-01
8.498653814814436380e-01
8.500193166666287770e-01
8.501732518518139159e-01
8.503271870369990548e-01
8.504811222221841938e-01
8.506350574073693327e-01
8.507889925925544716e-01
8.509429277777396106e-01
8.510968629629247495e-01
8.512507981481098884e-01
8.514047333332950274e-01
8.515586685184801663e-01
8.517126037036653052e-01
8.518665388888504442e-01
8.520204740740355831e-01
8.521744092592207220e-01
8.523283444444058610e-01
8.524822796295909999e-01
8.526362148147761388e-01
8.527901499999612778e-01
8.529440851851464167e-01
8.530980203703315556e-01
8.532519555555166946e-01
8.534058907407018335e-01
8.535598259258869724e-01
8.537137611110721114e-01
8.538676962962572503e-01
8.540216314814423892e-01
8.541755666666275282e-01
8.543295018518126671e-01
8.544834370369978060e-01
8.546373722221829450e-01
8.547913074073680839e-01
8.549452425925532228e-01
8.550991777777383618e-01
8.552531129629235007e-01
8.554070481481086397e-01
8.555609833332937786e-01
8.557149185184789175e-01
8.558688537036640565e-01
8.560227888888491954e-01
8.561767240740343343e-01
8.563306592592194733e-01
8.564845944444046122e-01
8.566385296295897511e-01
8.567924648147748901e-01
8.569463999999600290e-01
8.571003351851451679e-01
8.572542703703303069e-01
8.574082055555154458e-01
8.575621407407005847e-01
8.577160759258857237e-01
8.578700111110708626e-01
8.580239462962560015e-01
8.581778814814411405e-01
8.583318166666262794e-01
8.584857518518114183e-01
8.586396870369965573e-01
8.587936222221816962e-01
8.589475574073668351e-01
8.591014925925519741e-01
8.592554277777371130e-01
8.594093629629222519e-01
8.595632981481073909e-01
8.597172333332925298e-01
8.598711685184776687e-01
8.600251037036628077e-01
8.601790388888479466e-01
8.603329740740330855e-01
8.604869092592182245e-01
8.606408444444033634e-01
8.607947796295885023e-01
8.609487148147736413e-01
8.611026499999587802e-01
8.612565851851439191e-01
8.614105203703290581e-01
8.615644555555141970e-01
8.617183907406993360e-01
8.618723259258844749e-01
8.620262611110696138e-01
8.621801962962547528e-01
8.623341314814398917e-01
8.624880666666250306e-01
8.626420018518101696e-01
8.627959370369953085e-01
8.629498722221804474e-01
8.631038074073655864e-01
8.632577425925507253e-01
8.634116777777358642e-01
8.635656129629210032e-01
8.637195481481061421e-01
8.638734833332912810e-01
8.640274185184764200e-01
8.641813537036615589e-01
8.643352888888466978e-01
8.644892240740318368e-01
8.646431592592169757e-01
8.647970944444021146e-01
8.649510296295872536e-01
8.651049648147723925e-01
8.652588999999575314e-01
8.654128351851426704e-01
8.655667703703278093e-01
8.657207055555129482e-01
8.658746407406980872e-01
8.660285759258832261e-01
8.661825111110683650e-01
8.663364462962535040e-01
8.664903814814386429e-01
8.666443166666237818e-01
8.667982518518089208e-01
8.669521870369940597e-01
8.671061222221791986e-01
8.672600574073643376e-01
8.674139925925494765e-01
8.675679277777346154e-01
8.677218629629197544e-01
8.678757981481048933e-01
8.680297333332900322e-01
8.681836685184751712e-01
8.683376037036603101e-01
8.684915388888454491e-01
8.686454740740305880e-01
8.687994092592157269e-01
8.689533444444008659e-01
8.691072796295860048e-01
8.692612148147711437e-01
8.694151499999562827e-01
8.695690851851414216e-01
8.697230203703265605e-01
8.698769555555116995e-01
8.700308907406968384e-01
8.701848259258819773e-01
8.703387611110671163e-01
8.704926962962522552e-01
8.706466314814373941e-01
8.708005666666225331e-01
8.709545018518076720e-01
8.711084370369928109e-01
8.712623722221779499e-01
8.714163074073630888e-01
8.715702425925482277e-01
8.717241777777333667e-01
8.718781129629185056e-01
8.720320481481036445e-01
8.721859833332887835e-01
8.723399185184739224e-01
8.724938537036590613e-01
8.726477888888442003e-01
8.728017240740293392e-01
8.729556592592144781e-01
8.731095944443996171e-01
8.732635296295847560e-01
8.734174648147698949e-01
8.735713999999550339e-01
8.737253351851401728e-01
8.738792703703253117e-01
8.740332055555104507e-01
8.741871407406955896e-01
8.743410759258807285e-01
8.744950111110658675e-01
8.746489462962510064e-01
8.748028814814361454e-01
8.749568166666212843e-01
8.751107518518064232e-01
8.752646870369915622e-01
8.754186222221767011e-01
8.755725574073618400e-01
8.757264925925469790e-01
8.758804277777321179e-01
8.760343629629172568e-01
8.761882981481023958e-01
8.763422333332875347e-01
8.764961685184726736e-01
8.766501037036578126e-01
8.768040388888429515e-01
8.769579740740280904e-01
8.771119092592132294e-01
8.772658444443983683e-01
8.774197796295835072e-01
8.775737148147686462e-01
8.777276499999537851e-01
8.778815851851389240e-01
8.780355203703240630e-01
8.781894555555092019e-01
8.783433907406943408e-01
8.784973259258794798e-01
8.786512611110646187e-01
8.788051962962497576e-01
8.789591314814348966e-01
8.791130666666200355e-01
8.792670018518051744e-01
8.794209370369903134e-01
8.795748722221754523e-01
8.797288074073605912e-01
8.798827425925457302e-01
8.800366777777308691e-01
8.801906129629160080e-01
8.803445481481011470e-01
8.804984833332862859e-01
8.806524185184714248e-01
8.808063537036565638e-01
8.809602888888417027e-01
8.811142240740268416e-01
8.812681592592119806e-01
8.814220944443971195e-01
8.815760296295822585e-01
8.817299648147673974e-01
8.818838999999525363e-01
8.820378351851376753e-01
8.821917703703228142e-01
8.823457055555079531e-01
8.824996407406930921e-01
8.826535759258782310e-01
8.828075111110633699e-01
8.829614462962485089e-01
8.831153814814336478e-01
8.832693166666187867e-01
8.834232518518039257e-01
8.835771870369890646e-01
8.837311222221742035e-01
8.838850574073593425e-01
8.840389925925444814e-01
8.841929277777296203e-01
8.843468629629147593e-01
8.845007981480998982e-01
8.846547333332850371e-01
8.848086685184701761e-01
8.849626037036553150e-01
8.851165388888404539e-01
8.852704740740255929e-01
8.854244092592107318e-01
8.855783444443958707e-01
8.857322796295810097e-01
8.858862148147661486e-01
8.860401499999512875e-01
8.861940851851364265e-01
8.863480203703215654e-01
8.865019555555067043e-01
8.866558907406918433e-01
8.868098259258769822e-01
8.869637611110621211e-01
8.871176962962472601e-01
8.872716314814323990e-01
8.874255666666175379e-01
8.875795018518026769e-01
8.877334370369878158e-01
8.878873722221729547e-01
8.880413074073580937e-01
8.881952425925432326e-01
8.883491777777283716e-01
8.885031129629135105e-01
8.886570481480986494e-01
8.888109833332837884e-01
8.889649185184689273e-01
8.891188537036540662e-01
8.892727888888392052e-01
8.894267240740243441e-01
8.895806592592094830e-01
8.897345944443946220e-01
8.898885296295797609e-01
8.900424648147648998e-01
8.901963999999500388e-01
8.903503351851351777e-01
8.905042703703203166e-01
8.906582055555054556e-01
8.908121407406905945e-01
8.909660759258757334e-01
8.911200111110608724e-01
8.912739462962460113e-01
8.914278814814311502e-01
8.915818166666162892e-01
8.917357518518014281e-01
8.918896870369865670e-01
8.920436222221717060e-01
8.921975574073568449e-01
8.923514925925419838e-01
8.925054277777271228e-01
8.926593629629122617e-01
8.928132981480974006e-01
8.929672333332825396e-01
8.931211685184676785e-01
8.932751037036528174e-01
8.934290388888379564e-01
8.935829740740230953e-01
8.937369092592082342e-01
8.938908444443933732e-01
8.940447796295785121e-01
8.941987148147636510e-01
8.943526499999487900e-01
8.945065851851339289e-01
8.946605203703190679e-01
8.948144555555042068e-01
8.949683907406893457e-01
8.951223259258744847e-01
8.952762611110596236e-01
8.954301962962447625e-01
8.955841314814299015e-01
8.957380666666150404e-01
8.958920018518001793e-01
8.960459370369853183e-01
8.961998722221704572e-01
8.963538074073555961e-01
8.965077425925407351e-01
8.966616777777258740e-01
8.968156129629110129e-01
8.969695481480961519e-01
8.971234833332812908e-01
8.972774185184664297e-01
8.974313537036515687e-01
8.975852888888367076e-01
8.977392240740218465e-01
8.978931592592069855e-01
8.980470944443921244e-01
8.982010296295772633e-01
8.983549648147624023e-01
8.985088999999475412e-01
8.986628351851326801e-01
8.988167703703178191e-01
8.989707055555029580e-01
8.991246407406880969e-01
8.992785759258732359e-01
8.994325111110583748e-01
8.995864462962435137e-01
8.997403814814286527e-01
8.998943166666137916e-01
9.000482518517989305e-01
9.002021870369840695e-01
9.003561222221692084e-01
9.005100574073543473e-01
9.006639925925394863e-01
9.008179277777246252e-01
9.009718629629097641e-01
9.011257981480949031e-01
9.012797333332800420e-01
9.014336685184651810e-01
9.015876037036503199e-01
9.017415388888354588e-01
9.018954740740205978e-01
9.020494092592057367e-01
9.022033444443908756e-01
9.023572796295760146e-01
9.025112148147611535e-01
9.026651499999462924e-01
9.028190851851314314e-01
9.029730203703165703e-01
9.031269555555017092e-01
9.032808907406868482e-01
9.034348259258719871e-01
9.035887611110571260e-01
9.037426962962422650e-01
9.038966314814274039e-01
9.040505666666125428e-01
9.042045018517976818e-01
9.043584370369828207e-01
9.045123722221679596e-01
9.046663074073530986e-01
9.048202425925382375e-01
9.049741777777233764e-01
9.051281129629085154e-01
9.052820481480936543e-01
9.054359833332787932e-01
9.055899185184639322e-01
9.057438537036490711e-01
9.058977888888342100e-01
9.060517240740193490e-01
9.062056592592044879e-01
9.063595944443896268e-01
9.065135296295747658e-01
9.066674648147599047e-01
9.068213999999450436e-01
9.069753351851301826e-01
9.071292703703153215e-01
9.072832055555004604e-01
9.074371407406855994e-01
9.075910759258707383e-01
9.077450111110558773e-01
9.078989462962410162e-01
9.080528814814261551e-01
9.082068166666112941e-01
9.083607518517964330e-01
9.085146870369815719e-01
9.086686222221667109e-01
9.088225574073518498e-01
9.089764925925369887e-01
9.091304277777221277e-01
9.092843629629072666e-01
9.094382981480924055e-01
9.095922333332775445e-01
9.097461685184626834e-01
9.099001037036478223e-01
9.100540388888329613e-01
9.102079740740181002e-01
9.103619092592032391e-01
9.105158444443883781e-01
9.106697796295735170e-01
9.108237148147586559e-01
9.109776499999437949e-01
9.111315851851289338e-01
9.112855203703140727e-01
9.114394555554992117e-01
9.115933907406843506e-01
9.117473259258694895e-01
9.119012611110546285e-01
9.120551962962397674e-01
9.122091314814249063e-01
9.123630666666100453e-01
9.125170018517951842e-01
9.126709370369803231e-01
9.128248722221654621e-01
9.129788074073506010e-01
9.131327425925357399e-01
9.132866777777208789e-01
9.134406129629060178e-01
9.135945481480911567e-01
9.137484833332762957e-01
9.139024185184614346e-01
9.140563537036465735e-01
9.142102888888317125e-01
9.143642240740168514e-01
9.145181592592019904e-01
9.146720944443871293e-01
9.148260296295722682e-01
9.149799648147574072e-01
9.151338999999425461e-01
9.152878351851276850e-01
9.154417703703128240e-01
9.155957055554979629e-01
9.157496407406831018e-01
9.159035759258682408e-01
9.160575111110533797e-01
9.162114462962385186e-01
9.163653814814236576e-01
9.165193166666087965e-01
9.166732518517939354e-01
9.168271870369790744e-01
9.169811222221642133e-01
9.171350574073493522e-01
9.172889925925344912e-01
9.174429277777196301e-01
9.175968629629047690e-01
9.177507981480899080e-01
9.179047333332750469e-01
9.180586685184601858e-01
9.182126037036453248e-01
9.183665388888304637e-01
9.185204740740156026e-01
9.186744092592007416e-01
9.188283444443858805e-01
9.189822796295710194e-01
9.191362148147561584e-01
9.192901499999412973e-01
9.194440851851264362e-01
9.195980203703115752e-01
9.197519555554967141e-01
9.199058907406818530e-01
9.200598259258669920e-01
9.202137611110521309e-01
9.203676962962372698e-01
9.205216314814224088e-01
9.206755666666075477e-01
9.208295018517926867e-01
9.209834370369778256e-01
9.211373722221629645e-01
9.212913074073481035e-01
9.214452425925332424e-01
9.215991777777183813e-01
9.217531129629035203e-01
9.219070481480886592e-01
9.220609833332737981e-01
9.222149185184589371e-01
9.223688537036440760e-01
9.225227888888292149e-01
9.226767240740143539e-01
9.228306592591994928e-01
9.229845944443846317e-01
9.231385296295697707e-01
9.232924648147549096e-01
9.234463999999400485e-01
9.236003351851251875e-01
9.237542703703103264e-01
9.239082055554954653e-01
9.240621407406806043e-01
9.242160759258657432e-01
9.243700111110508821e-01
9.245239462962360211e-01
9.246778814814211600e-01
9.248318166666062989e-01
9.249857518517914379e-01
9.251396870369765768e-01
9.252936222221617157e-01
9.254475574073468547e-01
9.256014925925319936e-01
9.257554277777171325e-01
9.259093629629022715e-01
9.260632981480874104e-01
9.262172333332725493e-01
9.263711685184576883e-01
9.265251037036428272e-01
9.266790388888279661e-01
9.268329740740131051e-01
9.269869092591982440e-01
9.271408444443833829e-01
9.272947796295685219e-01
9.274487148147536608e-01
9.276026499999387998e-01
9.277565851851239387e-01
9.279105203703090776e-01
9.280644555554942166e-01
9.282183907406793555e-01
9.283723259258644944e-01
9.285262611110496334e-01
9.286801962962347723e-01
9.288341314814199112e-01
9.289880666666050502e-01
9.291420018517901891e-01
9.292959370369753280e-01
9.294498722221604670e-01
9.296038074073456059e-01
9.297577425925307448e-01
9.299116777777158838e-01
9.300656129629010227e-01
9.302195481480861616e-01
9.303734833332713006e-01
9.305274185184564395e-01
9.306813537036415784e-01
9.308352888888267174e-01
9.309892240740118563e-01
9.311431592591969952e-01
9.312970944443821342e-01
9.314510296295672731e-01
9.316049648147524120e-01
9.317588999999375510e-01
9.319128351851226899e-01
9.320667703703078288e-01
9.322207055554929678e-01
9.323746407406781067e-01
9.325285759258632456e-01
9.326825111110483846e-01
9.328364462962335235e-01
9.329903814814186624e-01
9.331443166666038014e-01
9.332982518517889403e-01
9.334521870369740792e-01
9.336061222221592182e-01
9.337600574073443571e-01
9.339139925925294961e-01
9.340679277777146350e-01
9.342218629628997739e-01
9.343757981480849129e-01
9.345297333332700518e-01
9.346836685184551907e-01
9.348376037036403297e-01
9.349915388888254686e-01
9.351454740740106075e-01
9.352994092591957465e-01
9.354533444443808854e-01
9.356072796295660243e-01
9.357612148147511633e-01
9.359151499999363022e-01
9.360690851851214411e-01
9.362230203703065801e-01
9.363769555554917190e-01
9.365308907406768579e-01
9.366848259258619969e-01
9.368387611110471358e-01
9.369926962962322747e-01
9.371466314814174137e-01
9.373005666666025526e-01
9.374545018517876915e-01
9.376084370369728305e-01
9.377623722221579694e-01
9.379163074073431083e-01
9.380702425925282473e-01
9.382241777777133862e-01
9.383781129628985251e-01
9.385320481480836641e-01
9.386859833332688030e-01
9.388399185184539419e-01
9.389938537036390809e-01
9.391477888888242198e-01
9.393017240740093587e-01
9.394556592591944977e-01
9.396095944443796366e-01
9.397635296295647755e-01
9.399174648147499145e-01
9.400713999999350534e-01
9.402253351851201923e-01
9.403792703703053313e-01
9.405332055554904702e-01
9.406871407406756092e-01
9.408410759258607481e-01
9.409950111110458870e-01
9.411489462962310260e-01
9.413028814814161649e-01
9.414568166666013038e-01
9.416107518517864428e-01
9.417646870369715817e-01
9.419186222221567206e-01
9.420725574073418596e-01
9.422264925925269985e-01
9.423804277777121374e-01
9.425343629628972764e-01
9.426882981480824153e-01
9.428422333332675542e-01
9.429961685184526932e-01
9.431501037036378321e-01
9.433040388888229710e-01
9.434579740740081100e-01
9.436119092591932489e-01
9.437658444443783878e-01
9.439197796295635268e-01
9.440737148147486657e-01
9.442276499999338046e-01
9.443815851851189436e-01
9.445355203703040825e-01
9.446894555554892214e-01
9.448433907406743604e-01
9.449973259258594993e-01
9.451512611110446382e-01
9.453051962962297772e-01
9.454591314814149161e-01
9.456130666666000550e-01
9.457670018517851940e-01
9.459209370369703329e-01
9.460748722221554718e-01
9.462288074073406108e-01
9.463827425925257497e-01
9.465366777777108886e-01
9.466906129628960276e-01
9.468445481480811665e-01
9.469984833332663055e-01
9.471524185184514444e-01
9.473063537036365833e-01
9.474602888888217223e-01
9.476142240740068612e-01
9.477681592591920001e-01
9.479220944443771391e-01
9.480760296295622780e-01
9.482299648147474169e-01
9.483838999999325559e-01
9.485378351851176948e-01
9.486917703703028337e-01
9.488457055554879727e-01
9.489996407406731116e-01
9.491535759258582505e-01
9.493075111110433895e-01
9.494614462962285284e-01
9.496153814814136673e-01
9.497693166665988063e-01
9.499232518517839452e-01
9.500771870369690841e-01
9.502311222221542231e-01
9.503850574073393620e-01
9.505389925925245009e-01
9.506929277777096399e-01
9.508468629628947788e-01
9.510007981480799177e-01
9.511547333332650567e-01
9.513086685184501956e-01
9.514626037036353345e-01
9.516165388888204735e-01
9.517704740740056124e-01
9.519244092591907513e-01
9.520783444443758903e-01
9.522322796295610292e-01
9.523862148147461681e-01
9.525401499999313071e-01
9.526940851851164460e-01
9.528480203703015849e-01
9.530019555554867239e-01
9.531558907406718628e-01
9.533098259258570017e-01
9.534637611110421407e-01
9.536176962962272796e-01
9.537716314814124186e-01
9.539255666665975575e-01
9.540795018517826964e-01
9.542334370369678354e-01
9.543873722221529743e-01
9.545413074073381132e-01
9.546952425925232522e-01
9.548491777777083911e-01
9.550031129628935300e-01
9.551570481480786690e-01
9.553109833332638079e-01
9.554649185184489468e-01
9.556188537036340858e-01
9.557727888888192247e-01
9.559267240740043636e-01
9.560806592591895026e-01
9.562345944443746415e-01
9.563885296295597804e-01
9.565424648147449194e-01
9.566963999999300583e-01
9.568503351851151972e-01
9.570042703703003362e-01
9.571582055554854751e-01
9.573121407406706140e-01
9.574660759258557530e-01
9.576200111110408919e-01
9.577739462962260308e-01
9.579278814814111698e-01
9.580818166665963087e-01
9.582357518517814476e-01
9.583896870369665866e-01
9.585436222221517255e-01
9.586975574073368644e-01
9.588514925925220034e-01
9.590054277777071423e-01
9.591593629628922812e-01
9.593132981480774202e-01
9.594672333332625591e-01
9.596211685184476980e-01
9.597751037036328370e-01
9.599290388888179759e-01
9.600829740740031149e-01
9.602369092591882538e-01
9.603908444443733927e-01
9.605447796295585317e-01
9.606987148147436706e-01
9.608526499999288095e-01
9.610065851851139485e-01
9.611605203702990874e-01
9.613144555554842263e-01
9.614683907406693653e-01
9.616223259258545042e-01
9.617762611110396431e-01
9.619301962962247821e-01
9.620841314814099210e-01
9.622380666665950599e-01
9.623920018517801989e-01
9.625459370369653378e-01
9.626998722221504767e-01
9.628538074073356157e-01
9.630077425925207546e-01
9.631616777777058935e-01
9.633156129628910325e-01
9.634695481480761714e-01
9.636234833332613103e-01
9.637774185184464493e-01
9.639313537036315882e-01
9.640852888888167271e-01
9.642392240740018661e-01
9.643931592591870050e-01
9.645470944443721439e-01
9.647010296295572829e-01
9.648549648147424218e-01
9.650088999999275607e-01
9.651628351851126997e-01
9.653167703702978386e-01
9.654707055554829775e-01
9.656246407406681165e-01
9.657785759258532554e-01
9.659325111110383943e-01
9.660864462962235333e-01
9.662403814814086722e-01
9.663943166665938111e-01
9.665482518517789501e-01
9.667021870369640890e-01
9.668561222221492280e-01
9.670100574073343669e-01
9.671639925925195058e-01
9.673179277777046448e-01
9.674718629628897837e-01
9.676257981480749226e-01
9.677797333332600616e-01
9.679336685184452005e-01
9.680876037036303394e-01
9.682415388888154784e-01
9.683954740740006173e-01
9.685494092591857562e-01
9.687033444443708952e-01
9.688572796295560341e-01
9.690112148147411730e-01
9.691651499999263120e-01
9.693190851851114509e-01
9.694730203702965898e-01
9.696269555554817288e-01
9.697808907406668677e-01
9.699348259258520066e-01
9.700887611110371456e-01
9.702426962962222845e-01
9.703966314814074234e-01
9.705505666665925624e-01
9.707045018517777013e-01
9.708584370369628402e-01
9.710123722221479792e-01
9.711663074073331181e-01
9.713202425925182570e-01
9.714741777777033960e-01
9.716281129628885349e-01
9.717820481480736738e-01
9.719359833332588128e-01
9.720899185184439517e-01
9.722438537036290906e-01
9.723977888888142296e-01
9.725517240739993685e-01
9.727056592591845074e-01
9.728595944443696464e-01
9.730135296295547853e-01
9.731674648147399243e-01
9.733213999999250632e-01
9.734753351851102021e-01
9.736292703702953411e-01
9.737832055554804800e-01
9.739371407406656189e-01
9.740910759258507579e-01
9.742450111110358968e-01
9.743989462962210357e-01
9.745528814814061747e-01
9.747068166665913136e-01
9.748607518517764525e-01
9.750146870369615915e-01
9.751686222221467304e-01
9.753225574073318693e-01
9.754764925925170083e-01
9.756304277777021472e-01
9.757843629628872861e-01
9.759382981480724251e-01
9.760922333332575640e-01
9.762461685184427029e-01
9.764001037036278419e-01
9.765540388888129808e-01
9.767079740739981197e-01
9.768619092591832587e-01
9.770158444443683976e-01
9.771697796295535365e-01
9.773237148147386755e-01
9.774776499999238144e-01
9.776315851851089533e-01
9.777855203702940923e-01
9.779394555554792312e-01
9.780933907406643701e-01
9.782473259258495091e-01
9.784012611110346480e-01
9.785551962962197869e-01
9.787091314814049259e-01
9.788630666665900648e-01
9.790170018517752037e-01
9.791709370369603427e-01
9.793248722221454816e-01
9.794788074073306205e-01
9.796327425925157595e-01
9.797866777777008984e-01
9.799406129628860374e-01
9.800945481480711763e-01
9.802484833332563152e-01
9.804024185184414542e-01
9.805563537036265931e-01
9.807102888888117320e-01
9.808642240739968710e-01
9.810181592591820099e-01
9.811720944443671488e-01
9.813260296295522878e-01
9.814799648147374267e-01
9.816338999999225656e-01
9.817878351851077046e-01
9.819417703702928435e-01
9.820957055554779824e-01
9.822496407406631214e-01
9.824035759258482603e-01
9.825575111110333992e-01
9.827114462962185382e-01
9.828653814814036771e-01
9.830193166665888160e-01
9.831732518517739550e-01
9.833271870369590939e-01
9.834811222221442328e-01
9.836350574073293718e-01
9.837889925925145107e-01
9.839429277776996496e-01
9.840968629628847886e-01
9.842507981480699275e-01
9.844047333332550664e-01
9.845586685184402054e-01
9.847126037036253443e-01
9.848665388888104832e-01
9.850204740739956222e-01
9.851744092591807611e-01
9.853283444443659000e-01
9.854822796295510390e-01
9.856362148147361779e-01
9.857901499999213168e-01
9.859440851851064558e-01
9.860980203702915947e-01
9.862519555554767337e-01
9.864058907406618726e-01
9.865598259258470115e-01
9.867137611110321505e-01
9.868676962962172894e-01
9.870216314814024283e-01
9.871755666665875673e-01
9.873295018517727062e-01
9.874834370369578451e-01
9.876373722221429841e-01
9.877913074073281230e-01
9.879452425925132619e-01
9.880991777776984009e-01
9.882531129628835398e-01
9.884070481480686787e-01
9.885609833332538177e-01
9.887149185184389566e-01
9.888688537036240955e-01
9.890227888888092345e-01
9.891767240739943734e-01
9.893306592591795123e-01
9.894845944443646513e-01
9.896385296295497902e-01
9.897924648147349291e-01
9.899463999999200681e-01
9.901003351851052070e-01
9.902542703702903459e-01
9.904082055554754849e-01
9.905621407406606238e-01
9.907160759258457627e-01
9.908700111110309017e-01
9.910239462962160406e-01
9.911778814814011795e-01
9.913318166665863185e-01
9.914857518517714574e-01
9.916396870369565963e-01
9.917936222221417353e-01
9.919475574073268742e-01
9.921014925925120131e-01
9.922554277776971521e-01
9.924093629628822910e-01
9.925632981480674299e-01
9.927172333332525689e-01
9.928711685184377078e-01
9.930251037036228468e-01
9.931790388888079857e-01
9.933329740739931246e-01
9.934869092591782636e-01
9.936408444443634025e-01
9.937947796295485414e-01
9.939487148147336804e-01
9.941026499999188193e-01
9.942565851851039582e-01
9.944105203702890972e-01
9.945644555554742361e-01
9.947183907406593750e-01
9.948723259258445140e-01
9.950262611110296529e-01
9.951801962962147918e-01
9.953341314813999308e-01
9.954880666665850697e-01
9.956420018517702086e-01
9.957959370369553476e-01
9.959498722221404865e-01
9.961038074073256254e-01
9.962577425925107644e-01
9.964116777776959033e-01
9.965656129628810422e-01
9.967195481480661812e-01
9.968734833332513201e-01
9.970274185184364590e-01
9.971813537036215980e-01
9.973352888888067369e-01
9.974892240739918758e-01
9.976431592591770148e-01
9.977970944443621537e-01
9.979510296295472926e-01
9.981049648147324316e-01
9.982588999999175705e-01
9.984128351851027094e-01
9.985667703702878484e-01
9.987207055554729873e-01
9.988746407406581262e-01
9.990285759258432652e-01
9.991825111110284041e-01
9.993364462962135431e-01
9.994903814813986820e-01
9.996443166665838209e-01
9.997982518517689599e-01
9.999521870369540988e-01
1.000106122222139238e+00
1.000260057407324377e+00
1.000413992592509516e+00
1.000567927777694655e+00
1.000721862962879793e+00
1.000875798148064932e+00
1.001029733333250071e+00
1.001183668518435210e+00
1.001337603703620349e+00
1.001491538888805488e+00
1.001645474073990627e+00
1.001799409259175766e+00
1.001953344444360905e+00
1.002107279629546044e+00
1.002261214814731183e+00
1.002415149999916322e+00
1.002569085185101461e+00
1.002723020370286600e+00
1.002876955555471739e+00
1.003030890740656877e+00
1.003184825925842016e+00
1.003338761111027155e+00
1.003492696296212294e+00
1.003646631481397433e+00
1.003800566666582572e+00
1.003954501851767711e+00
1.004108437036952850e+00
1.004262372222137989e+00
1.004416307407323128e+00
1.004570242592508267e+00
1.004724177777693406e+00
1.004878112962878545e+00
1.005032048148063684e+00
1.005185983333248823e+00
1.005339918518433961e+00
1.005493853703619100e+00
1.005647788888804239e+00
1.005801724073989378e+00
1.005955659259174517e+00
1.006109594444359656e+00
1.006263529629544795e+00
1.006417464814729934e+00
1.006571399999915073e+00
1.006725335185100212e+00
1.006879270370285351e+00
1.007033205555470490e+00
1.007187140740655629e+00
1.007341075925840768e+00
1.007495011111025907e+00
1.007648946296211045e+00
1.007802881481396184e+00
1.007956816666581323e+00
1.008110751851766462e+00
1.008264687036951601e+00
1.008418622222136740e+00
1.008572557407321879e+00
1.008726492592507018e+00
1.008880427777692157e+00
1.009034362962877296e+00
1.009188298148062435e+00
1.009342233333247574e+00
1.009496168518432713e+00
1.009650103703617852e+00
1.009804038888802991e+00
1.009957974073988130e+00
1.010111909259173268e+00
1.010265844444358407e+00
1.010419779629543546e+00
1.010573714814728685e+00
1.010727649999913824e+00
1.010881585185098963e+00
1.011035520370284102e+00
1.011189455555469241e+00
1.011343390740654380e+00
1.011497325925839519e+00
1.011651261111024658e+00
1.011805196296209797e+00
1.011959131481394936e+00
1.012113066666580075e+00
1.012267001851765214e+00
1.012420937036950352e+00
1.012574872222135491e+00
1.012728807407320630e+00
1.012882742592505769e+00
1.013036677777690908e+00
1.013190612962876047e+00
1.013344548148061186e+00
1.013498483333246325e+00
1.013652418518431464e+00
1.013806353703616603e+00
1.013960288888801742e+00
1.014114224073986881e+00
1.014268159259172020e+00
1.014422094444357159e+00
1.014576029629542298e+00
1.014729964814727436e+00
1.014883899999912575e+00
1.015037835185097714e+00
1.015191770370282853e+00
1.015345705555467992e+00
1.015499640740653131e+00
1.015653575925838270e+00
1.015807511111023409e+00
1.015961446296208548e+00
1.016115381481393687e+00
1.016269316666578826e+00
1.016423251851763965e+00
1.016577187036949104e+00
1.016731122222134243e+00
1.016885057407319382e+00
1.017038992592504520e+00
1.017192927777689659e+00
1.017346862962874798e+00
1.017500798148059937e+00
1.017654733333245076e+00
1.017808668518430215e+00
1.017962603703615354e+00
1.018116538888800493e+00
1.018270474073985632e+00
1.018424409259170771e+00
1.018578344444355910e+00
1.018732279629541049e+00
1.018886214814726188e+00
1.019040149999911327e+00
1.019194085185096466e+00
1.019348020370281604e+00
1.019501955555466743e+00
1.019655890740651882e+00
1.019809825925837021e+00
1.019963761111022160e+00
1.020117696296207299e+00
1.020271631481392438e+00
1.020425566666577577e+00
1.020579501851762716e+00
1.020733437036947855e+00
1.020887372222132994e+00
1.021041307407318133e+00
1.021195242592503272e+00
1.021349177777688411e+00
1.021503112962873550e+00
1.021657048148058688e+00
1.021810983333243827e+00
1.021964918518428966e+00
1.022118853703614105e+00
1.022272788888799244e+00
1.022426724073984383e+00
1.022580659259169522e+00
1.022734594444354661e+00
1.022888529629539800e+00
1.023042464814724939e+00
1.023196399999910078e+00
1.023350335185095217e+00
1.023504270370280356e+00
1.023658205555465495e+00
1.023812140740650634e+00
1.023966075925835773e+00
1.024120011111020911e+00
1.024273946296206050e+00
1.024427881481391189e+00
1.024581816666576328e+00
1.024735751851761467e+00
1.024889687036946606e+00
1.025043622222131745e+00
1.025197557407316884e+00
1.025351492592502023e+00
1.025505427777687162e+00
1.025659362962872301e+00
1.025813298148057440e+00
1.025967233333242579e+00
1.026121168518427718e+00
1.026275103703612857e+00
1.026429038888797995e+00
1.026582974073983134e+00
1.026736909259168273e+00
1.026890844444353412e+00
1.027044779629538551e+00
1.027198714814723690e+00
1.027352649999908829e+00
1.027506585185093968e+00
1.027660520370279107e+00
1.027814455555464246e+00
1.027968390740649385e+00
1.028122325925834524e+00
1.028276261111019663e+00
1.028430196296204802e+00
1.028584131481389941e+00
1.028738066666575079e+00
1.028892001851760218e+00
1.029045937036945357e+00
1.029199872222130496e+00
1.029353807407315635e+00
1.029507742592500774e+00
1.029661677777685913e+00
1.029815612962871052e+00
1.029969548148056191e+00
1.030123483333241330e+00
1.030277418518426469e+00
1.030431353703611608e+00
1.030585288888796747e+00
1.030739224073981886e+00
1.030893159259167025e+00
1.031047094444352163e+00
1.031201029629537302e+00
1.031354964814722441e+00
1.031508899999907580e+00
1.031662835185092719e+00
1.031816770370277858e+00
1.031970705555462997e+00
1.032124640740648136e+00
1.032278575925833275e+00
1.032432511111018414e+00
1.032586446296203553e+00
1.032740381481388692e+00
1.032894316666573831e+00
1.033048251851758970e+00
1.033202187036944109e+00
1.033356122222129247e+00
1.033510057407314386e+00
1.033663992592499525e+00
1.033817927777684664e+00
1.033971862962869803e+00
1.034125798148054942e+00
1.034279733333240081e+00
1.034433668518425220e+00
1.034587603703610359e+00
1.034741538888795498e+00
1.034895474073980637e+00
1.035049409259165776e+00
1.035203344444350915e+00
1.035357279629536054e+00
1.035511214814721193e+00
1.035665149999906332e+00
1.035819085185091470e+00
1.035973020370276609e+00
1.036126955555461748e+00
1.036280890740646887e+00
1.036434825925832026e+00
1.036588761111017165e+00
1.036742696296202304e+00
1.036896631481387443e+00
1.037050566666572582e+00
1.037204501851757721e+00
1.037358437036942860e+00
1.037512372222127999e+00
1.037666307407313138e+00
1.037820242592498277e+00
1.037974177777683416e+00
1.038128112962868554e+00
1.038282048148053693e+00
1.038435983333238832e+00
1.038589918518423971e+00
1.038743853703609110e+00
1.038897788888794249e+00
1.039051724073979388e+00
1.039205659259164527e+00
1.039359594444349666e+00
1.039513529629534805e+00
1.039667464814719944e+00
1.039821399999905083e+00
1.039975335185090222e+00
1.040129270370275361e+00
1.040283205555460500e+00
1.040437140740645638e+00
1.040591075925830777e+00
1.040745011111015916e+00
1.040898946296201055e+00
1.041052881481386194e+00
1.041206816666571333e+00
1.041360751851756472e+00
1.041514687036941611e+00
1.041668622222126750e+00
1.041822557407311889e+00
1.041976492592497028e+00
1.042130427777682167e+00
1.042284362962867306e+00
1.042438298148052445e+00
1.042592233333237584e+00
1.042746168518422722e+00
1.042900103703607861e+00
1.043054038888793000e+00
1.043207974073978139e+00
1.043361909259163278e+00
1.043515844444348417e+00
1.043669779629533556e+00
1.043823714814718695e+00
1.043977649999903834e+00
1.044131585185088973e+00
1.044285520370274112e+00
1.044439455555459251e+00
1.044593390740644390e+00
1.044747325925829529e+00
1.044901261111014668e+00
1.045055196296199806e+00
1.045209131481384945e+00
1.045363066666570084e+00
1.045517001851755223e+00
1.045670937036940362e+00
1.045824872222125501e+00
1.045978807407310640e+00
1.046132742592495779e+00
1.046286677777680918e+00
1.046440612962866057e+00
1.046594548148051196e+00
1.046748483333236335e+00
1.046902418518421474e+00
1.047056353703606613e+00
1.047210288888791752e+00
1.047364224073976890e+00
1.047518159259162029e+00
1.047672094444347168e+00
1.047826029629532307e+00
1.047979964814717446e+00
1.048133899999902585e+00
1.048287835185087724e+00
1.048441770370272863e+00
1.048595705555458002e+00
1.048749640740643141e+00
1.048903575925828280e+00
1.049057511111013419e+00
1.049211446296198558e+00
1.049365381481383697e+00
1.049519316666568836e+00
1.049673251851753975e+00
1.049827187036939113e+00
1.049981122222124252e+00
1.050135057407309391e+00
1.050288992592494530e+00
1.050442927777679669e+00
1.050596862962864808e+00
1.050750798148049947e+00
1.050904733333235086e+00
1.051058668518420225e+00
1.051212603703605364e+00
1.051366538888790503e+00
1.051520474073975642e+00
1.051674409259160781e+00
1.051828344444345920e+00
1.051982279629531059e+00
1.052136214814716197e+00
1.052290149999901336e+00
1.052444085185086475e+00
1.052598020370271614e+00
1.052751955555456753e+00
1.052905890740641892e+00
1.053059825925827031e+00
1.053213761111012170e+00
1.053367696296197309e+00
1.053521631481382448e+00
1.053675566666567587e+00
1.053829501851752726e+00
1.053983437036937865e+00
1.054137372222123004e+00
1.054291307407308143e+00
1.054445242592493281e+00
1.054599177777678420e+00
1.054753112962863559e+00
1.054907048148048698e+00
1.055060983333233837e+00
1.055214918518418976e+00
1.055368853703604115e+00
1.055522788888789254e+00
1.055676724073974393e+00
1.055830659259159532e+00
1.055984594444344671e+00
1.056138529629529810e+00
1.056292464814714949e+00
1.056446399999900088e+00
1.056600335185085227e+00
1.056754270370270365e+00
1.056908205555455504e+00
1.057062140740640643e+00
1.057216075925825782e+00
1.057370011111010921e+00
1.057523946296196060e+00
1.057677881481381199e+00
1.057831816666566338e+00
1.057985751851751477e+00
1.058139687036936616e+00
1.058293622222121755e+00
1.058447557407306894e+00
1.058601492592492033e+00
1.058755427777677172e+00
1.058909362962862311e+00
1.059063298148047449e+00
1.059217233333232588e+00
1.059371168518417727e+00
1.059525103703602866e+00
1.059679038888788005e+00
1.059832974073973144e+00
1.059986909259158283e+00
1.060140844444343422e+00
1.060294779629528561e+00
1.060448714814713700e+00
1.060602649999898839e+00
1.060756585185083978e+00
1.060910520370269117e+00
1.061064455555454256e+00
1.061218390740639395e+00
1.061372325925824533e+00
1.061526261111009672e+00
1.061680196296194811e+00
1.061834131481379950e+00
1.061988066666565089e+00
1.062142001851750228e+00
1.062295937036935367e+00
1.062449872222120506e+00
1.062603807407305645e+00
1.062757742592490784e+00
1.062911677777675923e+00
1.063065612962861062e+00
1.063219548148046201e+00
1.063373483333231340e+00
1.063527418518416479e+00
1.063681353703601618e+00
1.063835288888786756e+00
1.063989224073971895e+00
1.064143159259157034e+00
1.064297094444342173e+00
1.064451029629527312e+00
1.064604964814712451e+00
1.064758899999897590e+00
1.064912835185082729e+00
1.065066770370267868e+00
1.065220705555453007e+00
1.065374640740638146e+00
1.065528575925823285e+00
1.065682511111008424e+00
1.065836446296193563e+00
1.065990381481378702e+00
1.066144316666563840e+00
1.066298251851748979e+00
1.066452187036934118e+00
1.066606122222119257e+00
1.066760057407304396e+00
1.066913992592489535e+00
1.067067927777674674e+00
1.067221862962859813e+00
1.067375798148044952e+00
1.067529733333230091e+00
1.067683668518415230e+00
1.067837603703600369e+00
1.067991538888785508e+00
1.068145474073970647e+00
1.068299409259155786e+00
1.068453344444340924e+00
1.068607279629526063e+00
1.068761214814711202e+00
1.068915149999896341e+00
1.069069085185081480e+00
1.069223020370266619e+00
1.069376955555451758e+00
1.069530890740636897e+00
1.069684825925822036e+00
1.069838761111007175e+00
1.069992696296192314e+00
1.070146631481377453e+00
1.070300566666562592e+00
1.070454501851747731e+00
1.070608437036932870e+00
1.070762372222118008e+00
1.070916307407303147e+00
1.071070242592488286e+00
1.071224177777673425e+00
1.071378112962858564e+00
1.071532048148043703e+00
1.071685983333228842e+00
1.071839918518413981e+00
1.071993853703599120e+00
1.072147788888784259e+00
1.072301724073969398e+00
1.072455659259154537e+00
1.072609594444339676e+00
1.072763529629524815e+00
1.072917464814709954e+00
1.073071399999895092e+00
1.073225335185080231e+00
1.073379270370265370e+00
1.073533205555450509e+00
1.073687140740635648e+00
1.073841075925820787e+00
1.073995011111005926e+00
1.074148946296191065e+00
1.074302881481376204e+00
1.074456816666561343e+00
1.074610751851746482e+00
1.074764687036931621e+00
1.074918622222116760e+00
1.075072557407301899e+00
1.075226492592487038e+00
1.075380427777672177e+00
1.075534362962857315e+00
1.075688298148042454e+00
1.075842233333227593e+00
1.075996168518412732e+00
1.076150103703597871e+00
1.076304038888783010e+00
1.076457974073968149e+00
1.076611909259153288e+00
1.076765844444338427e+00
1.076919779629523566e+00
1.077073714814708705e+00
1.077227649999893844e+00
1.077381585185078983e+00
1.077535520370264122e+00
1.077689455555449261e+00
1.077843390740634399e+00
1.077997325925819538e+00
1.078151261111004677e+00
1.078305196296189816e+00
1.078459131481374955e+00
1.078613066666560094e+00
1.078767001851745233e+00
1.078920937036930372e+00
1.079074872222115511e+00
1.079228807407300650e+00
1.079382742592485789e+00
1.079536677777670928e+00
1.079690612962856067e+00
1.079844548148041206e+00
1.079998483333226345e+00
1.080152418518411483e+00
1.080306353703596622e+00
1.080460288888781761e+00
1.080614224073966900e+00
1.080768159259152039e+00
1.080922094444337178e+00
1.081076029629522317e+00
1.081229964814707456e+00
1.081383899999892595e+00
1.081537835185077734e+00
1.081691770370262873e+00
1.081845705555448012e+00
1.081999640740633151e+00
1.082153575925818290e+00
1.082307511111003429e+00
1.082461446296188567e+00
1.082615381481373706e+00
1.082769316666558845e+00
1.082923251851743984e+00
1.083077187036929123e+00
1.083231122222114262e+00
1.083385057407299401e+00
1.083538992592484540e+00
1.083692927777669679e+00
1.083846862962854818e+00
1.084000798148039957e+00
1.084154733333225096e+00
1.084308668518410235e+00
1.084462603703595374e+00
1.084616538888780513e+00
1.084770474073965651e+00
1.084924409259150790e+00
1.085078344444335929e+00
1.085232279629521068e+00
1.085386214814706207e+00
1.085540149999891346e+00
1.085694085185076485e+00
1.085848020370261624e+00
